 1119 base-pairs
...     1 A-U   # A:...8_:[..A]A - A:2895_:[..U]U
  -24.3582    93.2062   227.5165  # origin
    0.2485    -0.4567    -0.8542  # x-axis
   -0.9530     0.0428    -0.3001  # y-axis
    0.1736     0.8886    -0.4246  # z-axis
...     2 U-A   # A:..12_:[..U]U - A:.526_:[..A]A
  -15.9575   103.4928   213.6258  # origin
   -0.3779     0.1683     0.9104  # x-axis
    0.9046    -0.1423     0.4017  # y-axis
    0.1972     0.9754    -0.0985  # z-axis
...     3 A+A   # A:..14_:[..A]A - A:..13_:[..A]A
  -17.4054   107.1323   211.6396  # origin
   -0.4971     0.2356     0.8351  # x-axis
    0.8560    -0.0242     0.5163  # y-axis
    0.1419     0.9716    -0.1896  # z-axis
...     4 G-U   # A:..15_:[..G]G - A:.525_:[..U]U
  -15.4127   110.4707   213.7390  # origin
    0.3882     0.0044     0.9216  # x-axis
    0.9161    -0.1108    -0.3854  # y-axis
    0.1004     0.9938    -0.0471  # z-axis
...     5 G-U   # A:..16_:[..G]G - A:.524_:[..U]U
  -16.3525   113.6342   215.1308  # origin
    0.7408    -0.1473     0.6554  # x-axis
    0.6422    -0.1306    -0.7553  # y-axis
    0.1969     0.9804    -0.0021  # z-axis
...     6 G-C   # A:..17_:[..G]G - A:.523_:[..C]C
  -16.9129   117.6137   216.6236  # origin
    0.9619    -0.2727     0.0202  # x-axis
    0.0155    -0.0195    -0.9997  # y-axis
    0.2730     0.9619    -0.0146  # z-axis
...     7 C-G   # A:..18_:[..C]C - A:.522_:[..G]G
  -15.7696   120.6568   217.8003  # origin
    0.7723    -0.4172    -0.4791  # x-axis
   -0.5017     0.0623    -0.8628  # y-axis
    0.3898     0.9067    -0.1612  # z-axis
...     8 C-G   # A:..19_:[..C]C - A:.521_:[..G]G
  -13.1044   122.4416   218.1107  # origin
    0.2824    -0.3638    -0.8876  # x-axis
   -0.7521     0.4904    -0.4403  # y-axis
    0.5955     0.7919    -0.1351  # z-axis
...     9 C-G   # A:..20_:[..C]C - A:.520_:[..G]G
   -9.7816   124.9099   217.8383  # origin
   -0.3204    -0.2401    -0.9164  # x-axis
   -0.8522     0.4955     0.1681  # y-axis
    0.4137     0.8348    -0.3633  # z-axis
...    10 A-U   # A:..21_:[..A]A - A:.519_:[..U]U
   -7.0198   126.2663   216.0463  # origin
   -0.6507    -0.0220    -0.7591  # x-axis
   -0.5648     0.6821     0.4644  # y-axis
    0.5075     0.7309    -0.4562  # z-axis
...    11 C-G   # A:..22_:[..C]C - A:.518_:[..G]G
   -6.0261   127.9689   213.0520  # origin
   -0.9297     0.2404    -0.2789  # x-axis
   -0.1012     0.5613     0.8214  # y-axis
    0.3540     0.7919    -0.4975  # z-axis
...    12 G-C   # A:..23_:[..G]G - A:.517_:[..C]C
   -5.4626   129.5984   209.3704  # origin
   -0.9195     0.3728     0.1248  # x-axis
    0.3186     0.5208     0.7920  # y-axis
    0.2303     0.7680    -0.5976  # z-axis
...    13 G-C   # A:..24_:[..G]G - A:.516_:[..C]C
   -6.3243   132.2468   206.5334  # origin
   -0.6001     0.4722     0.6456  # x-axis
    0.7904     0.2262     0.5692  # y-axis
    0.1228     0.8519    -0.5090  # z-axis
...    14 U-A   # A:..25_:[..U]U - A:.515_:[..A]A
   -7.0738   135.4479   202.8695  # origin
    0.4000     0.1295     0.9073  # x-axis
    0.9163    -0.0327    -0.3992  # y-axis
   -0.0220     0.9910    -0.1317  # z-axis
...    15 G-A   # A:..26_:[..G]G - A:.514_:[..A]A
   -6.2201   138.3383   204.0207  # origin
    0.9089     0.0782     0.4096  # x-axis
    0.4165    -0.2161    -0.8831  # y-axis
    0.0195     0.9732    -0.2290  # z-axis
...    16 G-A   # A:..27_:[..G]G - A:.513_:[..A]A
   -5.7814   140.9894   204.3239  # origin
    0.9999    -0.0094    -0.0144  # x-axis
   -0.0145    -0.0098    -0.9998  # y-axis
    0.0093     0.9999    -0.0099  # z-axis
...    17 A-G   # A:..28_:[..A]A - A:.512_:[..G]G
   -4.1344   145.5290   205.9388  # origin
    0.9895     0.1018     0.1026  # x-axis
    0.0991     0.0387    -0.9943  # y-axis
   -0.1052     0.9940     0.0282  # z-axis
...    18 U-U   # A:..29_:[..U]U - A:.511_:[..U]U
   -4.4585   149.1048   205.6285  # origin
    0.6826    -0.2855    -0.6727  # x-axis
   -0.6518     0.1785    -0.7371  # y-axis
    0.3305     0.9416    -0.0642  # z-axis
...    19 G-C   # A:..30_:[..G]G - A:.510_:[..C]C
   -3.7120   151.7188   206.2689  # origin
    0.0517    -0.2882    -0.9562  # x-axis
   -0.9860     0.1370    -0.0946  # y-axis
    0.1583     0.9477    -0.2770  # z-axis
...    20 C-G   # A:..31_:[..C]C - A:.474_:[..G]G
   -2.5677   154.2049   204.6778  # origin
   -0.6118    -0.3785    -0.6945  # x-axis
   -0.7878     0.3707     0.4920  # y-axis
    0.0712     0.8481    -0.5250  # z-axis
...    21 C-G   # A:..32_:[..C]C - A:.473_:[..G]G
   -1.9209   155.3054   201.1057  # origin
   -0.9035    -0.3033    -0.3029  # x-axis
   -0.4258     0.5540     0.7154  # y-axis
   -0.0491     0.7753    -0.6297  # z-axis
...    22 U-A   # A:..33_:[..U]U - A:.447_:[..A]A
   -0.5999   156.9387   197.0626  # origin
   -0.6190     0.4669     0.6315  # x-axis
    0.7295     0.6397     0.2421  # y-axis
   -0.2910     0.6106    -0.7366  # z-axis
...    23 A+G   # A:.454_:[..A]A - A:.446_:[..G]G
   -3.9323   163.4896   198.0973  # origin
   -0.9478     0.0332     0.3172  # x-axis
   -0.1481    -0.9266    -0.3455  # y-axis
    0.2825    -0.3745     0.8832  # z-axis
...    24 G-C   # A:..35_:[..G]G - A:.445_:[..C]C
   -4.8063   164.5170   195.7132  # origin
    0.0380     0.8439     0.5352  # x-axis
    0.9966     0.0068    -0.0816  # y-axis
   -0.0725     0.5365    -0.8408  # z-axis
...    25 G-C   # A:..36_:[..G]G - A:.444_:[..C]C
   -7.0975   167.7823   194.1754  # origin
    0.4785     0.6838     0.5509  # x-axis
    0.8702    -0.2853    -0.4016  # y-axis
   -0.1175     0.6716    -0.7316  # z-axis
...    26 C-G   # A:..37_:[..C]C - A:.442_:[..G]G
   -8.0909   171.1433   192.9430  # origin
    0.9671     0.1983     0.1593  # x-axis
    0.2530    -0.6868    -0.6813  # y-axis
   -0.0256     0.6992    -0.7144  # z-axis
...    27 A-U   # A:..38_:[..A]A - A:.441_:[..U]U
   -7.6801   174.0908   191.8982  # origin
    0.9211    -0.3437    -0.1830  # x-axis
   -0.3686    -0.6178    -0.6946  # y-axis
    0.1257     0.7072    -0.6957  # z-axis
...    28 C-G   # A:..39_:[..C]C - A:.440_:[..G]G
   -6.7194   176.8630   190.3345  # origin
    0.5856    -0.7053    -0.3995  # x-axis
   -0.7756    -0.3442    -0.5292  # y-axis
    0.2357     0.6197    -0.7486  # z-axis
...    29 C-G   # A:..40_:[..C]C - A:.439_:[..G]G
   -4.7839   178.7749   188.3045  # origin
    0.0898    -0.7761    -0.6242  # x-axis
   -0.9824     0.0340    -0.1836  # y-axis
    0.1637     0.6297    -0.7594  # z-axis
...    30 C-G   # A:..41_:[..C]C - A:.438_:[..G]G
   -2.5094   180.0966   186.1417  # origin
   -0.4069    -0.6878    -0.6011  # x-axis
   -0.8852     0.4593     0.0738  # y-axis
    0.2253     0.5622    -0.7957  # z-axis
...    31 G-C   # A:..43_:[..G]G - A:.436_:[..C]C
   -1.4875   180.3799   181.9186  # origin
   -0.8850    -0.3533    -0.3034  # x-axis
   -0.4409     0.8454     0.3016  # y-axis
    0.1500     0.4006    -0.9039  # z-axis
...    32 A-U   # A:..44_:[..A]A - A:.434_:[..U]U
   -3.6214   182.4958   178.3521  # origin
   -0.8045     0.5488     0.2272  # x-axis
    0.5919     0.7727     0.2293  # y-axis
   -0.0497     0.3190    -0.9464  # z-axis
...    33 G-C   # A:..45_:[..G]G - A:.433_:[..C]C
   -4.1417   183.2551   176.0546  # origin
   -0.4214     0.8503     0.3153  # x-axis
    0.9065     0.4054     0.1184  # y-axis
   -0.0272     0.3357    -0.9416  # z-axis
...    34 A-G   # A:.182_:[..A]A - A:.215_:[..G]G
   -2.3380   178.9796   171.5014  # origin
    0.7735    -0.4325    -0.4633  # x-axis
   -0.4220    -0.8968     0.1326  # y-axis
   -0.4729     0.0930    -0.8762  # z-axis
...    35 C-G   # A:.183_:[..C]C - A:.214_:[..G]G
   -3.1196   179.0505   168.2182  # origin
    0.4465    -0.8567    -0.2585  # x-axis
   -0.7190    -0.5154     0.4663  # y-axis
   -0.5327    -0.0223    -0.8460  # z-axis
...    36 C-G   # A:.184_:[..C]C - A:.212_:[..G]G
   -5.0449   177.9820   162.0288  # origin
    0.1250    -0.9539     0.2728  # x-axis
   -0.6372     0.1335     0.7591  # y-axis
   -0.7605    -0.2687    -0.5911  # z-axis
...    37 U-A   # A:.185_:[..U]U - A:.211_:[..A]A
   -6.3936   176.8034   158.8741  # origin
   -0.1417    -0.6998     0.7001  # x-axis
   -0.5869     0.6289     0.5099  # y-axis
   -0.7972    -0.3386    -0.4998  # z-axis
...    38 G-C   # A:.186_:[..G]G - A:.210_:[..C]C
   -8.1933   174.1391   157.3298  # origin
   -0.2930    -0.3253     0.8991  # x-axis
   -0.4423     0.8798     0.1742  # y-axis
   -0.8477    -0.3466    -0.4017  # z-axis
...    39 G-C   # A:.187_:[..G]G - A:.209_:[..C]C
  -10.4125   171.3546   155.9988  # origin
   -0.3822     0.3266     0.8645  # x-axis
   -0.1845     0.8897    -0.4177  # y-axis
   -0.9055    -0.3191    -0.2797  # z-axis
...    40 G-C   # A:.188_:[..G]G - A:.208_:[..C]C
  -13.5864   169.1823   156.9533  # origin
   -0.3637     0.7641     0.5329  # x-axis
   -0.0594     0.5519    -0.8318  # y-axis
   -0.9296    -0.3341    -0.1553  # z-axis
...    41 G-A   # A:.189_:[..G]G - A:.207_:[..A]A
  -16.7307   167.9294   157.4993  # origin
   -0.1353     0.8448    -0.5176  # x-axis
    0.1754    -0.4938    -0.8517  # y-axis
   -0.9752    -0.2060    -0.0813  # z-axis
...    42 A-U   # A:.190_:[..A]A - A:.206_:[..U]U
  -19.3499   162.6639   160.2890  # origin
   -0.1121     0.9600    -0.2567  # x-axis
    0.0291    -0.2551    -0.9665  # y-axis
   -0.9933    -0.1158     0.0007  # z-axis
...    43 A+A   # A:.191_:[..A]A - A:.204_:[..A]A
  -22.6491   163.4257   159.6351  # origin
   -0.0004     0.2022     0.9794  # x-axis
   -0.1821     0.9630    -0.1988  # y-axis
   -0.9833    -0.1784     0.0365  # z-axis
...    44 C-C   # A:.192_:[..C]C - A:.203_:[..C]C
  -25.1392   161.7611   161.3292  # origin
   -0.2482     0.7345    -0.6316  # x-axis
    0.0825    -0.6336    -0.7693  # y-axis
   -0.9652    -0.2431     0.0967  # z-axis
...    45 U-U   # A:.193_:[..U]U - A:.202_:[..U]U
  -29.2962   161.4931   159.3719  # origin
    0.1555    -0.1989    -0.9676  # x-axis
    0.2249    -0.9467     0.2307  # y-axis
   -0.9619    -0.2535    -0.1025  # z-axis
...    46 G-C   # A:.194_:[..G]G - A:.201_:[..C]C
  -33.6419   161.7448   158.2051  # origin
    0.5127    -0.6797    -0.5245  # x-axis
    0.0707    -0.5754     0.8148  # y-axis
   -0.8556    -0.4548    -0.2470  # z-axis
...    47 G+U   # A:.250_:[..G]G - A:.200_:[..U]U
  -38.4369   165.8536   156.1720  # origin
    0.8369    -0.3229    -0.4419  # x-axis
    0.0278     0.8314    -0.5550  # y-axis
    0.5466     0.4522     0.7048  # z-axis
...    48 G-C   # A:.248_:[..G]G - A:.198_:[..C]C
  -39.5765   160.6805   156.1403  # origin
   -0.2007    -0.0690     0.9772  # x-axis
   -0.4977     0.8664    -0.0411  # y-axis
   -0.8438    -0.4946    -0.2082  # z-axis
...    49 C-G   # A:..46_:[..C]C - A:.179_:[..G]G
    5.0058   178.0454   166.2048  # origin
   -0.3728     0.4188    -0.8280  # x-axis
   -0.2005     0.8349     0.5126  # y-axis
    0.9060     0.3571    -0.2273  # z-axis
...    50 C-G   # A:..47_:[..C]C - A:.178_:[..G]G
    8.2162   177.4835   164.1456  # origin
   -0.5635     0.7264    -0.3934  # x-axis
    0.0966     0.5309     0.8419  # y-axis
    0.8204     0.4364    -0.3693  # z-axis
...    51 G-C   # A:..61_:[..G]G - A:..93_:[..C]C
   35.2824   158.0250   194.5530  # origin
   -0.5665     0.7731     0.2853  # x-axis
    0.2342     0.4830    -0.8437  # y-axis
   -0.7901    -0.4111    -0.4547  # z-axis
...    52 C-G   # A:..62_:[..C]C - A:..92_:[..G]G
   31.9105   156.3978   194.8962  # origin
   -0.3236     0.9366    -0.1341  # x-axis
    0.4284     0.0186    -0.9034  # y-axis
   -0.8437    -0.3498    -0.4073  # z-axis
...    53 A+U   # A:..64_:[..A]A - A:..90_:[..U]U
   23.1488   155.6428   190.6401  # origin
   -0.5080     0.3452     0.7892  # x-axis
    0.8229     0.4652     0.3262  # y-axis
   -0.2545     0.8152    -0.5203  # z-axis
...    54 C-G   # A:..65_:[..C]C - A:..89_:[..G]G
   22.3611   157.8807   189.5845  # origin
    0.9887     0.0753    -0.1297  # x-axis
   -0.0413    -0.6948    -0.7180  # y-axis
   -0.1442     0.7152    -0.6839  # z-axis
...    55 C-G   # A:..66_:[..C]C - A:..88_:[..G]G
   22.5420   161.1860   188.5248  # origin
    0.8036    -0.3596    -0.4742  # x-axis
   -0.5883    -0.6002    -0.5419  # y-axis
   -0.0898     0.7145    -0.6939  # z-axis
...    56 U-A   # A:..67_:[..U]U - A:..74_:[..A]A
   25.1261   162.1873   185.1136  # origin
    0.4406    -0.7116    -0.5473  # x-axis
   -0.8923    -0.4142    -0.1798  # y-axis
   -0.0987     0.5676    -0.8174  # z-axis
...    57 G-U   # A:..68_:[..G]G - A:..59_:[..U]U
   25.2596   162.8605   181.8961  # origin
   -0.4752    -0.8420    -0.2555  # x-axis
   -0.8242     0.3243     0.4642  # y-axis
   -0.3080     0.4311    -0.8481  # z-axis
...    58 C-G   # A:..69_:[..C]C - A:..58_:[..G]G
   24.9127   163.6132   178.4352  # origin
   -0.9237    -0.3718     0.0929  # x-axis
   -0.2811     0.8221     0.4951  # y-axis
   -0.2605     0.4312    -0.8639  # z-axis
...    59 G-C   # A:..70_:[..G]G - A:..57_:[..C]C
   24.7508   163.6366   174.7774  # origin
   -0.8539     0.0218     0.5200  # x-axis
    0.2686     0.8743     0.4043  # y-axis
   -0.4458     0.4848    -0.7524  # z-axis
...    60 U-A   # A:.114_:[..U]U - A:..56_:[..A]A
   24.4707   163.6995   171.4732  # origin
   -0.4878     0.6519     0.5806  # x-axis
    0.7515     0.6520    -0.1006  # y-axis
   -0.4442     0.3873    -0.8079  # z-axis
...    61 C-G   # A:.115_:[..C]C - A:..55_:[..G]G
   21.5362   165.0996   169.4191  # origin
    0.1311     0.8700     0.4752  # x-axis
    0.8901     0.1078    -0.4429  # y-axis
   -0.4365     0.4811    -0.7603  # z-axis
...    62 C-G   # A:.116_:[..C]C - A:..54_:[..G]G
   17.9452   166.5037   167.7432  # origin
    0.5393     0.7821     0.3123  # x-axis
    0.7247    -0.2421    -0.6451  # y-axis
   -0.4289     0.5743    -0.6973  # z-axis
...    63 G-A   # A:.117_:[..G]G - A:..53_:[..A]A
   15.7407   169.0846   165.0098  # origin
    0.9649     0.0342    -0.2604  # x-axis
   -0.1782    -0.6429    -0.7449  # y-axis
   -0.1929     0.7652    -0.6143  # z-axis
...    64 A+A   # A:.119_:[..A]A - A:..52_:[..A]A
   15.4365   171.3872   163.1276  # origin
   -0.5993    -0.5821    -0.5495  # x-axis
    0.7591    -0.1955    -0.6209  # y-axis
    0.2540    -0.7893     0.5590  # z-axis
...    65 A-G   # A:.118_:[..A]A - A:..51_:[..G]G
   18.2060   175.1584   160.0071  # origin
    0.8994     0.3974    -0.1819  # x-axis
    0.0265    -0.4649    -0.8850  # y-axis
   -0.4362     0.7911    -0.4287  # z-axis
...    66 A+U   # A:..49_:[..A]A - A:.120_:[..U]U
   14.6284   176.2140   157.7154  # origin
   -0.5761    -0.7485    -0.3283  # x-axis
    0.7864    -0.3982    -0.4721  # y-axis
    0.2227    -0.5302     0.8181  # z-axis
...    67 G+A   # A:.177_:[..G]G - A:.149_:[..A]A
   15.5886   177.5609   154.8575  # origin
    0.8590     0.4789     0.1809  # x-axis
    0.4699    -0.5975    -0.6497  # y-axis
   -0.2031     0.6431    -0.7383  # z-axis
...    68 G-C   # A:.176_:[..G]G - A:.150_:[..C]C
   15.7504   178.9297   151.7424  # origin
    0.8454     0.3561     0.3980  # x-axis
   -0.5339     0.5851     0.6104  # y-axis
   -0.0155    -0.7285     0.6848  # z-axis
...    69 C-G   # A:.151_:[..C]C - A:.175_:[..G]G
   15.4361   182.1771   150.2611  # origin
    0.9912    -0.0775    -0.1077  # x-axis
   -0.1305    -0.7166    -0.6851  # y-axis
   -0.0241     0.6931    -0.7204  # z-axis
...    70 G-C   # A:.152_:[..G]G - A:.174_:[..C]C
   15.8732   185.9321   148.8339  # origin
    0.7164    -0.5515    -0.4273  # x-axis
   -0.6805    -0.4173    -0.6024  # y-axis
    0.1539     0.7223    -0.6742  # z-axis
...    71 C-G   # A:.153_:[..C]C - A:.173_:[..G]G
   17.3628   187.9614   147.2326  # origin
    0.3438    -0.6801    -0.6476  # x-axis
   -0.9272    -0.1368    -0.3486  # y-axis
    0.1484     0.7203    -0.6776  # z-axis
...    72 C-G   # A:.155_:[..C]C - A:.171_:[..G]G
   20.6398   188.9896   140.4398  # origin
   -0.7179    -0.6717    -0.1829  # x-axis
   -0.6763     0.7352    -0.0454  # y-axis
    0.1650     0.0911    -0.9821  # z-axis
...    73 G-A   # A:..75_:[..G]G - A:.111_:[..A]A
   27.8353   175.6392   179.3824  # origin
   -0.9553     0.1851     0.2304  # x-axis
    0.0249    -0.7262     0.6870  # y-axis
    0.2945     0.6621     0.6891  # z-axis
...    74 C-G   # A:..76_:[..C]C - A:.110_:[..G]G
   28.2745   180.3093   180.5957  # origin
   -0.8187    -0.4159     0.3960  # x-axis
    0.5622    -0.7213     0.4047  # y-axis
    0.1173     0.5539     0.8243  # z-axis
...    75 C-G   # A:..77_:[..C]C - A:.109_:[..G]G
   27.1919   183.3567   183.1071  # origin
   -0.4085    -0.7285     0.5500  # x-axis
    0.8923    -0.4457     0.0724  # y-axis
    0.1924     0.5203     0.8320  # z-axis
...    76 A-U   # A:..78_:[..A]A - A:.108_:[..U]U
   25.7662   185.1776   185.5316  # origin
   -0.0249    -0.9374     0.3474  # x-axis
    0.9969    -0.0493    -0.0616  # y-axis
    0.0749     0.3448     0.9357  # z-axis
...    77 G-C   # A:..79_:[..G]G - A:.107_:[..C]C
   24.3037   185.9609   188.3297  # origin
    0.5679    -0.7876     0.2391  # x-axis
    0.8219     0.5269    -0.2163  # y-axis
    0.0444     0.3194     0.9466  # z-axis
...    78 G-C   # A:..80_:[..G]G - A:.106_:[..C]C
   23.9896   184.6212   192.3783  # origin
    0.9038    -0.3848    -0.1871  # x-axis
    0.3610     0.9205    -0.1493  # y-axis
    0.2297     0.0675     0.9709  # z-axis
...    79 G-C   # A:..81_:[..G]G - A:.105_:[..C]C
   25.1621   182.7737   195.4832  # origin
    0.9210     0.1073    -0.3745  # x-axis
   -0.1002     0.9942     0.0385  # y-axis
    0.3765     0.0021     0.9264  # z-axis
...    80 G-U   # A:..82_:[..G]G - A:.104_:[..U]U
   26.4299   181.2895   198.7198  # origin
    0.2215     0.9590    -0.1766  # x-axis
   -0.8061     0.2820     0.5203  # y-axis
    0.5488     0.0271     0.8355  # z-axis
...    81 G-A   # A:..83_:[..G]G - A:.103_:[..A]A
   28.7257   181.4330   200.5627  # origin
   -0.2136     0.9698     0.1176  # x-axis
   -0.6727    -0.2333     0.7022  # y-axis
    0.7084     0.0709     0.7022  # z-axis
...    82 A+G   # A:..84_:[..A]A - A:..98_:[..G]G
   33.1243   177.1612   204.1724  # origin
    0.6098     0.1856    -0.7705  # x-axis
   -0.4814     0.8591    -0.1740  # y-axis
    0.6296     0.4770     0.6132  # z-axis
...    83 G-C   # A:..85_:[..G]G - A:..97_:[..C]C
   33.7866   172.4080   202.4659  # origin
    0.4006    -0.6083     0.6851  # x-axis
   -0.7699     0.1819     0.6117  # y-axis
   -0.4967    -0.7726    -0.3955  # z-axis
...    84 C-G   # A:..86_:[..C]C - A:..96_:[..G]G
   34.5619   168.8705   200.5911  # origin
   -0.0237    -0.4305     0.9023  # x-axis
   -0.8852     0.4285     0.1811  # y-axis
   -0.4646    -0.7944    -0.3912  # z-axis
...    85 C-G   # A:..87_:[..C]C - A:..95_:[..G]G
   35.3775   165.5751   199.0032  # origin
   -0.3530    -0.1902     0.9161  # x-axis
   -0.8179     0.5382    -0.2034  # y-axis
   -0.4544    -0.8211    -0.3455  # z-axis
...    86 C-G   # A:.128_:[..C]C - A:.123_:[..G]G
   23.8783   160.8346   155.6861  # origin
   -0.1739     0.8908     0.4198  # x-axis
    0.1870    -0.3886     0.9022  # y-axis
    0.9668     0.2354    -0.0990  # z-axis
...    87 C-G   # A:.129_:[..C]C - A:.122_:[..G]G
   26.4948   162.6166   153.4815  # origin
   -0.1278     0.5864     0.7999  # x-axis
    0.2915    -0.7487     0.5954  # y-axis
    0.9480     0.3093    -0.0753  # z-axis
...    88 C-G   # A:.130_:[..C]C - A:.121_:[..G]G
   29.1416   165.2454   152.6848  # origin
    0.0046    -0.0264     0.9996  # x-axis
    0.3412    -0.9396    -0.0264  # y-axis
    0.9400     0.3412     0.0047  # z-axis
...    89 G-C   # A:.131_:[..G]G - A:.148_:[..C]C
   31.0497   169.7732   151.5185  # origin
    0.0459    -0.0925     0.9947  # x-axis
    0.3764    -0.9207    -0.1029  # y-axis
    0.9253     0.3791    -0.0074  # z-axis
...    90 G-U   # A:.132_:[..G]G - A:.147_:[..U]U
   33.0616   172.3565   151.8176  # origin
    0.0652    -0.5658     0.8219  # x-axis
    0.2708    -0.7827    -0.5603  # y-axis
    0.9604     0.2591     0.1022  # z-axis
...    91 C-G   # A:.133_:[..C]C - A:.146_:[..G]G
   35.8381   174.1169   152.8582  # origin
    0.1118    -0.9444     0.3092  # x-axis
    0.1837    -0.2862    -0.9404  # y-axis
    0.9766     0.1620     0.1414  # z-axis
...    92 C-G   # A:.134_:[..C]C - A:.145_:[..G]G
   38.5772   174.5435   155.0951  # origin
    0.0240    -0.9577    -0.2867  # x-axis
    0.2214     0.2847    -0.9327  # y-axis
    0.9749    -0.0410     0.2189  # z-axis
...    93 G-C   # A:.135_:[..G]G - A:.144_:[..C]C
   41.4753   172.6761   156.8351  # origin
   -0.0882    -0.6843    -0.7238  # x-axis
    0.2166     0.6961    -0.6845  # y-axis
    0.9723    -0.2172     0.0868  # z-axis
...    94 G-C   # A:.136_:[..G]G - A:.143_:[..C]C
   43.7335   169.6924   157.1379  # origin
   -0.0679    -0.2014    -0.9772  # x-axis
    0.3585     0.9091    -0.2123  # y-axis
    0.9310    -0.3648     0.0105  # z-axis
...    95 C-G   # A:.137_:[..C]C - A:.142_:[..G]G
   46.3571   167.0643   156.6330  # origin
    0.0725     0.3777    -0.9231  # x-axis
    0.3031     0.8734     0.3812  # y-axis
    0.9502    -0.3075    -0.0512  # z-axis
...    96 G-C   # A:.137A:[..G]G - A:.141A:[..C]C
   47.7675   164.7912   155.7810  # origin
   -0.1278     0.7431    -0.6569  # x-axis
    0.4423     0.6355     0.6328  # y-axis
    0.8877    -0.2097    -0.4099  # z-axis
...    97 A+U   # A:.199_:[..A]A - A:2431_:[..U]U
  -41.2685   154.7910   147.1594  # origin
   -0.7892    -0.4252     0.4430  # x-axis
    0.1023     0.6204     0.7776  # y-axis
   -0.6055     0.6590    -0.4461  # z-axis
...    98 A-U   # A:.216_:[..A]A - A:.431_:[..U]U
   -9.0504   185.2285   170.0425  # origin
   -0.0198     0.7585     0.6514  # x-axis
    0.9923     0.0947    -0.0802  # y-axis
   -0.1225     0.6448    -0.7545  # z-axis
...    99 A-G   # A:.222_:[..A]A - A:.232_:[..G]G
  -25.6939   204.7320   159.7713  # origin
   -0.5865     0.7605     0.2788  # x-axis
   -0.0301     0.3235    -0.9458  # y-axis
   -0.8094    -0.5631    -0.1668  # z-axis
...   100 G-C   # A:.224_:[..G]G - A:.231_:[..C]C
  -28.4859   203.6435   158.3389  # origin
   -0.1726     0.7859    -0.5938  # x-axis
    0.4322    -0.4813    -0.7626  # y-axis
   -0.8851    -0.3883    -0.2566  # z-axis
...   101 A-U   # A:.225_:[..A]A - A:.230_:[..U]U
  -32.0753   203.6888   158.4774  # origin
   -0.0202     0.3726    -0.9278  # x-axis
    0.3837    -0.8540    -0.3513  # y-axis
   -0.9232    -0.3631    -0.1257  # z-axis
...   102 G-A   # A:.226_:[..G]G - A:.228_:[..A]A
  -34.0839   202.3100   156.9176  # origin
    0.4197    -0.0263    -0.9073  # x-axis
    0.2918    -0.9426     0.1623  # y-axis
   -0.8595    -0.3329    -0.3879  # z-axis
...   103 A+A   # A:.233_:[..A]A - A:.429_:[..A]A
  -13.1912   198.6169   167.2046  # origin
    0.7561    -0.4550     0.4704  # x-axis
   -0.2252     0.4940     0.8398  # y-axis
   -0.6145    -0.7409     0.2710  # z-axis
...   104 A-U   # A:.221_:[..A]A - A:.427_:[..U]U
  -12.3467   200.8963   162.6578  # origin
    0.4201    -0.6847    -0.5956  # x-axis
   -0.8002     0.0301    -0.5990  # y-axis
    0.4281     0.7282    -0.5352  # z-axis
...   105 G-C   # A:.266_:[..G]G - A:.426_:[..C]C
   -9.3181   201.5439   158.4926  # origin
   -0.8098    -0.1845    -0.5570  # x-axis
   -0.5296     0.6385     0.5585  # y-axis
    0.2526     0.7472    -0.6147  # z-axis
...   106 C-G   # A:.267_:[..C]C - A:.425_:[..G]G
   -8.5935   201.9120   154.4679  # origin
   -0.9711     0.1533    -0.1828  # x-axis
   -0.0169     0.7201     0.6937  # y-axis
    0.2380     0.6767    -0.6967  # z-axis
...   107 C-G   # A:.268_:[..C]C - A:.424_:[..G]G
   -8.1077   202.4836   150.6512  # origin
   -0.8697     0.4534     0.1948  # x-axis
    0.4537     0.5793     0.6771  # y-axis
    0.1942     0.6773    -0.7096  # z-axis
...   108 U-G   # A:.269_:[..U]U - A:.370_:[..G]G
   -9.5642   203.5873   147.0165  # origin
   -0.5243     0.6466     0.5541  # x-axis
    0.8159     0.1950     0.5444  # y-axis
    0.2439     0.7375    -0.6298  # z-axis
...   109 A-U   # A:.270_:[..A]A - A:.270Z:[..U]U
   -9.4155   206.6475   144.3128  # origin
    0.6677     0.3346     0.6650  # x-axis
    0.7164    -0.5317    -0.4517  # y-axis
    0.2024     0.7780    -0.5947  # z-axis
...   110 A-G   # A:.270A:[..A]A - A:.270Y:[..G]G
   -5.9776   209.8759   144.7661  # origin
    0.7335     0.1244     0.6682  # x-axis
    0.5328    -0.7156    -0.4518  # y-axis
    0.4219     0.6874    -0.5912  # z-axis
...   111 C-G   # A:.270C:[..C]C - A:.270W:[..G]G
   -1.1508   212.7428   140.6726  # origin
    0.0939    -0.9655    -0.2427  # x-axis
   -0.5184     0.1607    -0.8399  # y-axis
    0.8499     0.2047    -0.4855  # z-axis
...   112 C-G   # A:.270D:[..C]C - A:.270V:[..G]G
    3.3263   212.5831   139.1477  # origin
   -0.4240    -0.8060    -0.4131  # x-axis
   -0.5139     0.5897    -0.6231  # y-axis
    0.7457    -0.0519    -0.6642  # z-axis
...   113 G-C   # A:.270E:[..G]G - A:.270U:[..C]C
    5.3838   210.7667   137.6889  # origin
   -0.8199    -0.3440    -0.4577  # x-axis
   -0.1674     0.9085    -0.3829  # y-axis
    0.5475    -0.2373    -0.8025  # z-axis
...   114 U-G   # A:.270F:[..U]U - A:.270T:[..G]G
    7.3320   209.3200   135.8671  # origin
   -0.8000     0.2349    -0.5522  # x-axis
    0.3000     0.9535    -0.0291  # y-axis
    0.5197    -0.1890    -0.8332  # z-axis
...   115 C-G   # A:.270G:[..C]C - A:.270S:[..G]G
    8.1213   207.2573   133.6095  # origin
   -0.6274     0.6612    -0.4113  # x-axis
    0.6687     0.7281     0.1503  # y-axis
    0.3989    -0.1808    -0.8990  # z-axis
...   116 C-G   # A:.270H:[..C]C - A:.270R:[..G]G
    7.8566   207.1497   130.0759  # origin
   -0.1749     0.9820    -0.0716  # x-axis
    0.9322     0.1886     0.3090  # y-axis
    0.3169    -0.0127    -0.9484  # z-axis
...   117 G-C   # A:.270I:[..G]G - A:.270Q:[..C]C
    7.3078   206.5177   126.4378  # origin
    0.2323     0.9223     0.3088  # x-axis
    0.9070    -0.3201     0.2736  # y-axis
    0.3512     0.2165    -0.9109  # z-axis
...   118 G-C   # A:.270J:[..G]G - A:.270P:[..C]C
    7.5759   207.6046   122.7524  # origin
    0.6243     0.5336     0.5705  # x-axis
    0.5940    -0.7986     0.0968  # y-axis
    0.5073     0.2785    -0.8155  # z-axis
...   119 C-G   # A:.270K:[..C]C - A:.270N:[..G]G
    8.2695   209.0807   119.7716  # origin
    0.8341     0.2605     0.4862  # x-axis
    0.3541    -0.9288    -0.1098  # y-axis
    0.4230     0.2638    -0.8669  # z-axis
...   120 G-C   # A:.363_:[..G]G - A:.273F:[..C]C
   -8.3789   229.6036   151.8424  # origin
    0.8444    -0.3799    -0.3776  # x-axis
   -0.1362    -0.8341     0.5346  # y-axis
   -0.5180    -0.4000    -0.7561  # z-axis
...   121 A-U   # A:.363A:[..A]A - A:.273E:[..U]U
  -11.5619   230.5864   148.2353  # origin
    0.7980    -0.5854    -0.1432  # x-axis
   -0.2986    -0.5905     0.7498  # y-axis
   -0.5235    -0.5556    -0.6460  # z-axis
...   122 G-C   # A:.363B:[..G]G - A:.273D:[..C]C
  -13.0106   229.7338   143.9316  # origin
    0.5720    -0.6597     0.4875  # x-axis
   -0.6747    -0.0405     0.7370  # y-axis
   -0.4664    -0.7505    -0.4683  # z-axis
...   123 G-C   # A:.363C:[..G]G - A:.273C:[..C]C
  -13.4684   227.5183   140.9460  # origin
    0.1799    -0.5871     0.7892  # x-axis
   -0.8569     0.3005     0.4189  # y-axis
   -0.4831    -0.7516    -0.4491  # z-axis
...   124 G-C   # A:.363D:[..G]G - A:.273B:[..C]C
  -13.1983   223.9376   138.8568  # origin
   -0.1584    -0.3258     0.9321  # x-axis
   -0.8213     0.5675     0.0588  # y-axis
   -0.5481    -0.7562    -0.3575  # z-axis
...   125 U-G   # A:.363E:[..U]U - A:.273A:[..G]G
  -14.0068   220.5328   138.0212  # origin
   -0.7189     0.2332     0.6548  # x-axis
   -0.4053     0.6248    -0.6674  # y-axis
   -0.5647    -0.7452    -0.3546  # z-axis
...   126 C-G   # A:.364_:[..C]C - A:.273_:[..G]G
  -13.8930   217.2914   139.3548  # origin
   -0.8356     0.5479     0.0404  # x-axis
   -0.0053     0.0655    -0.9978  # y-axis
   -0.5494    -0.8340    -0.0519  # z-axis
...   127 C-G   # A:.365_:[..C]C - A:.272_:[..G]G
  -15.8062   214.3475   141.4622  # origin
   -0.7414     0.4954    -0.4526  # x-axis
    0.3945    -0.2239    -0.8912  # y-axis
   -0.5428    -0.8393    -0.0294  # z-axis
...   128 G-C   # A:.271_:[..G]G - A:.366_:[..C]C
  -18.8614   212.2020   142.4272  # origin
   -0.4542     0.3364    -0.8250  # x-axis
   -0.6535     0.5037     0.5651  # y-axis
    0.6056     0.7957    -0.0090  # z-axis
...   129 C-G   # A:.404_:[..C]C - A:.271B:[..G]G
  -21.3913   209.1664   145.0349  # origin
    0.7697    -0.6321    -0.0899  # x-axis
   -0.0290     0.1060    -0.9939  # y-axis
    0.6377     0.7676     0.0633  # z-axis
...   130 G-U   # A:.406_:[..G]G - A:.421_:[..U]U
  -24.6282   207.5524   143.9282  # origin
   -0.6642     0.5836     0.4672  # x-axis
   -0.3469     0.3131    -0.8841  # y-axis
   -0.6622    -0.7493    -0.0055  # z-axis
...   131 G-C   # A:.407_:[..G]G - A:.420_:[..C]C
  -26.9105   205.9339   145.3073  # origin
   -0.6022     0.7890    -0.1217  # x-axis
    0.1065    -0.0717    -0.9917  # y-axis
   -0.7912    -0.6101    -0.0409  # z-axis
...   132 G-C   # A:.408_:[..G]G - A:.419_:[..C]C
  -29.5325   203.9290   147.1132  # origin
   -0.3265     0.6994    -0.6358  # x-axis
    0.4095    -0.5016    -0.7621  # y-axis
   -0.8519    -0.5092    -0.1226  # z-axis
...   133 C-G   # A:.409_:[..C]C - A:.418_:[..G]G
  -33.3766   203.8177   147.8970  # origin
   -0.0752     0.3126    -0.9469  # x-axis
    0.4734    -0.8246    -0.3098  # y-axis
   -0.8776    -0.4716    -0.0859  # z-axis
...   134 G-C   # A:.410_:[..G]G - A:.417_:[..C]C
  -36.9345   203.9165   148.3159  # origin
    0.2659    -0.0873    -0.9600  # x-axis
    0.4968    -0.8410     0.2141  # y-axis
   -0.8261    -0.5339    -0.1802  # z-axis
...   135 G-C   # A:2407_:[..G]G - A:.416_:[..C]C
  -40.7705   203.7583   148.0686  # origin
    0.5618    -0.6487    -0.5135  # x-axis
    0.1923    -0.5012     0.8437  # y-axis
   -0.8046    -0.5727    -0.1568  # z-axis
...   136 U-A   # A:2408_:[..U]U - A:.415_:[..A]A
  -43.3442   202.1377   146.1051  # origin
    0.6204    -0.7617     0.1869  # x-axis
   -0.3146    -0.0235     0.9489  # y-axis
   -0.7184    -0.6475    -0.2542  # z-axis
...   137 G-C   # A:2409_:[..G]G - A:.414_:[..C]C
  -45.4837   200.0129   144.0531  # origin
    0.5769    -0.4979     0.6475  # x-axis
   -0.5462     0.3542     0.7591  # y-axis
   -0.6073    -0.7916    -0.0676  # z-axis
...   138 G-C   # A:2410_:[..G]G - A:.413_:[..C]C
  -45.4077   196.2459   144.1764  # origin
    0.3744    -0.1154     0.9201  # x-axis
   -0.7952     0.4704     0.3826  # y-axis
   -0.4770    -0.8749     0.0844  # z-axis
...   139 A-A   # A:2411_:[..A]A - A:.412_:[..A]A
  -46.0685   192.2323   143.6847  # origin
   -0.4901     0.4749     0.7309  # x-axis
   -0.7104     0.2682    -0.6507  # y-axis
   -0.5051    -0.8382     0.2059  # z-axis
...   140 A-G   # A:2412_:[..A]A - A:2405_:[..G]G
  -51.3756   191.1678   148.4750  # origin
   -0.8483     0.4460     0.2852  # x-axis
   -0.3272    -0.0182    -0.9448  # y-axis
   -0.4162    -0.8948     0.1613  # z-axis
...   141 G-C   # A:2413_:[..G]G - A:2404_:[..C]C
  -52.7615   189.0103   149.7135  # origin
   -0.7040     0.3815    -0.5990  # x-axis
    0.4270    -0.4466    -0.7863  # y-axis
   -0.5675    -0.8093     0.1516  # z-axis
...   142 G-C   # A:2414_:[..G]G - A:2403_:[..C]C
  -56.7525   187.4578   150.3805  # origin
   -0.3054     0.1698    -0.9370  # x-axis
    0.6998    -0.6272    -0.3418  # y-axis
   -0.6457    -0.7601     0.0727  # z-axis
...   143 G-U   # A:2415_:[..G]G - A:2401_:[..U]U
  -59.7396   186.2661   149.1419  # origin
    0.2953    -0.2377    -0.9254  # x-axis
    0.8802    -0.3090     0.3602  # y-axis
   -0.3715    -0.9209     0.1180  # z-axis
...   144 C-G   # A:2416_:[..C]C - A:2400_:[..G]G
  -61.3324   183.7586   148.3662  # origin
    0.8144    -0.3857    -0.4335  # x-axis
    0.3784    -0.2133     0.9007  # y-axis
   -0.4399    -0.8976    -0.0278  # z-axis
...   145 C-G   # A:2417_:[..C]C - A:2399_:[..G]G
  -62.8549   180.6300   147.0439  # origin
    0.9728    -0.1875     0.1357  # x-axis
   -0.1441    -0.0318     0.9890  # y-axis
   -0.1811    -0.9817    -0.0580  # z-axis
...   146 A-U   # A:2418_:[..A]A - A:2398_:[..U]U
  -62.0716   177.2576   145.8691  # origin
    0.7700     0.0998     0.6302  # x-axis
   -0.6380     0.1152     0.7614  # y-axis
    0.0034    -0.9883     0.1524  # z-axis
...   147 U-G   # A:2419_:[..U]U - A:2397_:[..G]G
  -60.6792   174.2874   145.5819  # origin
    0.1597     0.1761     0.9713  # x-axis
   -0.9840    -0.0499     0.1708  # y-axis
    0.0785    -0.9831     0.1653  # z-axis
...   148 C-G   # A:2420_:[..C]C - A:2396_:[..G]G
  -57.7861   171.1469   146.6829  # origin
   -0.2533     0.2055     0.9453  # x-axis
   -0.9453    -0.2603    -0.1967  # y-axis
    0.2057    -0.9434     0.2602  # z-axis
...   149 G-C   # A:2421_:[..G]G - A:2395_:[..C]C
  -55.2983   168.3747   147.6129  # origin
   -0.6648     0.1595     0.7298  # x-axis
   -0.7344    -0.3185    -0.5994  # y-axis
    0.1368    -0.9344     0.3289  # z-axis
...   150 A-A   # A:2422_:[..A]A - A:2393_:[..A]A
  -53.2709   162.8653   152.3509  # origin
   -0.9951    -0.0178    -0.0976  # x-axis
    0.0919    -0.5357    -0.8394  # y-axis
   -0.0374    -0.8443     0.5346  # z-axis
...   151 C+A   # A:2424_:[..C]C - A:2392_:[..A]A
  -55.6961   160.6444   154.4651  # origin
   -0.0649     0.5752     0.8154  # x-axis
   -0.9895     0.0689    -0.1274  # y-axis
   -0.1294    -0.8151     0.5647  # z-axis
...   152 G+G   # A:2429_:[..G]G - A:2391_:[..G]G
  -58.3874   156.5467   155.2866  # origin
    0.8946    -0.4465    -0.0146  # x-axis
   -0.2445    -0.4619    -0.8526  # y-axis
    0.3740     0.7663    -0.5224  # z-axis
...   153 G+A   # A:.275_:[..G]G - A:.276_:[..A]A
   -6.3682   230.1123   160.0021  # origin
   -0.5709    -0.7145    -0.4044  # x-axis
    0.5544     0.0278    -0.8318  # y-axis
    0.6056    -0.6990     0.3803  # z-axis
...   154 C-G   # A:.279_:[..C]C - A:.361_:[..G]G
   -2.0025   220.5119   161.6397  # origin
    0.9657     0.2263    -0.1275  # x-axis
   -0.0421     0.6208     0.7829  # y-axis
    0.2563    -0.7506     0.6090  # z-axis
...   155 C-G   # A:.280_:[..C]C - A:.360_:[..G]G
   -0.2259   217.6713   163.0512  # origin
    0.7553     0.6211     0.2091  # x-axis
   -0.5201     0.3739     0.7679  # y-axis
    0.3987    -0.6888     0.6054  # z-axis
...   156 G-A   # A:.281_:[..G]G - A:.359_:[..A]A
    1.9938   214.9087   165.1478  # origin
   -0.0864     0.8156     0.5722  # x-axis
   -0.8586    -0.3523     0.3725  # y-axis
    0.5054    -0.4591     0.7306  # z-axis
...   157 A-U   # A:.282_:[..A]A - A:.358_:[..U]U
    4.0253   208.6650   164.1884  # origin
    0.3006     0.8025     0.5154  # x-axis
   -0.9062     0.0718     0.4168  # y-axis
    0.2975    -0.5923     0.7488  # z-axis
...   158 U-A   # A:.284_:[..U]U - A:.357_:[..A]A
    5.6328   209.5836   168.2100  # origin
   -0.8515     0.1553     0.5008  # x-axis
   -0.4002    -0.8096    -0.4294  # y-axis
    0.3387    -0.5661     0.7515  # z-axis
...   159 C-G   # A:.285_:[..C]C - A:.356_:[..G]G
    6.8977   209.4818   171.5200  # origin
   -0.8973    -0.3420     0.2790  # x-axis
    0.0773    -0.7440    -0.6637  # y-axis
    0.4345    -0.5740     0.6941  # z-axis
...   160 C-G   # A:.286_:[..C]C - A:.355_:[..G]G
    7.1458   208.7689   175.0177  # origin
   -0.7527    -0.6005    -0.2701  # x-axis
    0.6018    -0.4611    -0.6521  # y-axis
    0.2670    -0.6533     0.7084  # z-axis
...   161 C-G   # A:.287_:[..C]C - A:.354_:[..G]G
    6.8142   206.9979   178.3493  # origin
   -0.3092    -0.7134    -0.6289  # x-axis
    0.9100    -0.0298    -0.4136  # y-axis
    0.2763    -0.7001     0.6584  # z-axis
...   162 C-G   # A:.288_:[..C]C - A:.353_:[..G]G
    5.8435   203.8339   179.8107  # origin
    0.1833    -0.5981    -0.7802  # x-axis
    0.9653     0.2598     0.0276  # y-axis
    0.1862    -0.7582     0.6249  # z-axis
...   163 A-G   # A:.289_:[..A]A - A:.351_:[..G]G
    7.9589   201.0402   181.1140  # origin
    0.5178    -0.3548    -0.7785  # x-axis
    0.8101     0.4960     0.3127  # y-axis
    0.2752    -0.7925     0.5442  # z-axis
...   164 G-U   # A:.290_:[..G]G - A:.350_:[..U]U
    8.5035   198.3135   182.6949  # origin
    0.9128     0.3571    -0.1980  # x-axis
   -0.1047     0.6734     0.7318  # y-axis
    0.3947    -0.6473     0.6521  # z-axis
...   165 C-G   # A:.291_:[..C]C - A:.349_:[..G]G
   10.5808   195.0499   183.5277  # origin
    0.7175     0.6870     0.1147  # x-axis
   -0.5181     0.4163     0.7472  # y-axis
    0.4656    -0.5955     0.6547  # z-axis
...   166 C-G   # A:.292_:[..C]C - A:.348_:[..G]G
   13.5304   192.0145   184.6887  # origin
    0.1287     0.8776     0.4619  # x-axis
   -0.8770    -0.1167     0.4661  # y-axis
    0.4629    -0.4650     0.7546  # z-axis
...   167 U-A   # A:.293_:[..U]U - A:.347_:[..A]A
   16.1249   191.2025   186.8193  # origin
   -0.3978     0.6829     0.6127  # x-axis
   -0.7801    -0.6032     0.1658  # y-axis
    0.4829    -0.4120     0.7727  # z-axis
...   168 A+A   # A:.345_:[..A]A - A:.346_:[..A]A
   18.3648   189.7971   189.0122  # origin
   -0.8661    -0.1157     0.4863  # x-axis
    0.0670     0.9372     0.3422  # y-axis
   -0.4954     0.3289    -0.8040  # z-axis
...   169 A-G   # A:.294_:[..A]A - A:.344_:[..G]G
   15.2800   190.9701   193.7379  # origin
   -0.7311     0.4688     0.4957  # x-axis
   -0.5970    -0.7913    -0.1320  # y-axis
    0.3303    -0.3924     0.8584  # z-axis
...   170 G-C   # A:.295_:[..G]G - A:.343_:[..C]C
   11.1533   190.9884   199.5513  # origin
   -0.9360    -0.2823    -0.2103  # x-axis
    0.3427    -0.8675    -0.3605  # y-axis
   -0.0807    -0.4095     0.9087  # z-axis
...   171 C-G   # A:.296_:[..C]C - A:.342_:[..G]G
    9.4118   191.3251   202.8762  # origin
   -0.5855    -0.7198    -0.3730  # x-axis
    0.8092    -0.5465    -0.2157  # y-axis
   -0.0485    -0.4281     0.9024  # z-axis
...   172 C-G   # A:.297_:[..C]C - A:.341_:[..G]G
    7.7322   190.8183   206.2881  # origin
   -0.1497    -0.8455    -0.5126  # x-axis
    0.9884    -0.1154    -0.0984  # y-axis
    0.0241    -0.5214     0.8530  # z-axis
...   173 G-A   # A:.298_:[..G]G - A:.340_:[..A]A
    6.8580   189.3752   208.8189  # origin
    0.8124    -0.4771    -0.3353  # x-axis
    0.5739     0.5524     0.6046  # y-axis
   -0.1032    -0.6835     0.7226  # z-axis
...   174 A-U   # A:.299_:[..A]A - A:.339_:[..U]U
    2.9911   187.1590   214.1925  # origin
    0.8370    -0.2795    -0.4704  # x-axis
    0.5328     0.6124     0.5840  # y-axis
    0.1249    -0.7395     0.6615  # z-axis
...   175 A-G   # A:.324_:[..A]A - A:.338_:[..G]G
    2.5953   181.8004   209.1150  # origin
    0.6884     0.2750     0.6712  # x-axis
   -0.7236     0.3249     0.6090  # y-axis
   -0.0506    -0.9049     0.4226  # z-axis
...   176 G-C   # A:.325_:[..G]G - A:.337_:[..C]C
    3.8689   178.3362   210.2562  # origin
   -0.1466     0.4672     0.8719  # x-axis
   -0.9872    -0.1249    -0.0990  # y-axis
    0.0627    -0.8753     0.4795  # z-axis
...   177 G-C   # A:.326_:[..G]G - A:.336_:[..C]C
    5.5021   176.1351   212.6194  # origin
   -0.6076     0.3959     0.6885  # x-axis
   -0.7923    -0.2426    -0.5598  # y-axis
   -0.0546    -0.8857     0.4611  # z-axis
...   178 G-C   # A:.327_:[..G]G - A:.335_:[..C]C
    6.2314   174.0004   216.3207  # origin
   -0.9172     0.3301     0.2231  # x-axis
   -0.3856    -0.5948    -0.7053  # y-axis
   -0.1001    -0.7330     0.6729  # z-axis
...   179 U-A   # A:.328_:[..U]U - A:.332_:[..A]A
    6.3110   173.3152   219.6675  # origin
   -0.3185    -0.6382    -0.7009  # x-axis
    0.9390    -0.3139    -0.1408  # y-axis
   -0.1301    -0.7030     0.6992  # z-axis
...   180 G-C   # A:.323_:[..G]G - A:.319_:[..C]C
   -2.1239   186.1248   220.6285  # origin
   -0.4268    -0.1153     0.8970  # x-axis
   -0.7306    -0.5406    -0.4171  # y-axis
    0.5330    -0.8334     0.1465  # z-axis
