 1375 base-pairs
...     1 C-G   # A:...4_:[..C]C - B:.430_:[..G]G
  304.4067   293.9901   313.8478  # origin
    0.4878     0.6532     0.5791  # x-axis
   -0.1981     0.7290    -0.6553  # y-axis
   -0.8502     0.2049     0.4850  # z-axis
...     2 U-A   # A:...5_:[..U]U - B:.429_:[..A]A
  302.1177   294.1153   316.6152  # origin
    0.3524     0.9286     0.1160  # x-axis
   -0.4182     0.2672    -0.8682  # y-axis
   -0.8372     0.2575     0.4825  # z-axis
...     3 C-G   # A:...6_:[..C]C - B:.428_:[..G]G
  299.9468   294.6093   319.6412  # origin
    0.2205     0.8813    -0.4181  # x-axis
   -0.5250    -0.2540    -0.8123  # y-axis
   -0.8220     0.3986     0.4067  # z-axis
...     4 U-A   # A:...7_:[..U]U - B:.427_:[..A]A
  298.1122   296.5337   321.9957  # origin
    0.0784     0.5953    -0.7997  # x-axis
   -0.5606    -0.6370    -0.5291  # y-axis
   -0.8244     0.4898     0.2838  # z-axis
...     5 U-A   # A:...8_:[..U]U - B:.426_:[..A]A
  296.2333   299.2315   323.0320  # origin
   -0.0908     0.1104    -0.9897  # x-axis
   -0.5646    -0.8244    -0.0402  # y-axis
   -0.8203     0.5552     0.1372  # z-axis
...     6 A-U   # A:...9_:[..A]A - B:.425_:[..U]U
  294.3266   302.0318   322.6523  # origin
   -0.1284    -0.5166    -0.8465  # x-axis
   -0.5114    -0.6968     0.5029  # y-axis
   -0.8497     0.4975    -0.1747  # z-axis
...     7 G-U   # A:..10_:[..G]G - B:.424_:[..U]U
  292.5619   304.5773   321.1722  # origin
   -0.1884    -0.8367    -0.5143  # x-axis
   -0.3705    -0.4244     0.8262  # y-axis
   -0.9095     0.3462    -0.2301  # z-axis
...     8 C-G   # A:..11_:[..C]C - B:.423_:[..G]G
  289.8768   305.6653   319.4721  # origin
   -0.3315    -0.9304     0.1567  # x-axis
   -0.1410     0.2131     0.9668  # y-axis
   -0.9329     0.2984    -0.2018  # z-axis
...     9 G-C   # A:..12_:[..G]G - B:.422_:[..C]C
  286.6905   304.9900   317.4956  # origin
   -0.2485    -0.7019     0.6675  # x-axis
   -0.0061     0.6903     0.7235  # y-axis
   -0.9686     0.1757    -0.1758  # z-axis
...    10 G-C   # A:..13_:[..G]G - B:.421_:[..C]C
  283.3034   303.3195   316.0345  # origin
   -0.1027    -0.3382     0.9354  # x-axis
    0.0642     0.9362     0.3456  # y-axis
   -0.9926     0.0956    -0.0744  # z-axis
...    11 G-A   # A:..15_:[..G]G - B:.419_:[..A]A
  276.3966   303.1472   316.9297  # origin
    0.1685     0.9824     0.0812  # x-axis
   -0.4145     0.1453    -0.8984  # y-axis
   -0.8943     0.1177     0.4317  # z-axis
...    12 G-A   # A:..16_:[..G]G - B:.418_:[..A]A
  274.2055   304.4343   318.2705  # origin
    0.0141     0.9406    -0.3393  # x-axis
   -0.4973    -0.2878    -0.8184  # y-axis
   -0.8675     0.1803     0.4637  # z-axis
...    13 A-G   # A:..17_:[..A]A - B:.417_:[..G]G
  271.3452   306.7276   321.5444  # origin
   -0.0930     0.9865    -0.1350  # x-axis
   -0.5710    -0.1640    -0.8044  # y-axis
   -0.8157     0.0023     0.5785  # z-axis
...    14 U-U   # A:..18_:[..U]U - B:.416_:[..U]U
  268.6347   306.6246   323.3035  # origin
   -0.1852     0.5059    -0.8425  # x-axis
   -0.3249    -0.8406    -0.4333  # y-axis
   -0.9274     0.1934     0.3201  # z-axis
...    15 C-G   # A:..19_:[..C]C - B:.415_:[..G]G
  266.0497   307.9652   325.0365  # origin
   -0.2846    -0.2511    -0.9252  # x-axis
   -0.1427    -0.9432     0.2999  # y-axis
   -0.9480     0.2174     0.2326  # z-axis
...    16 A-U   # A:..20_:[..A]A - B:.380_:[..U]U
  262.8084   308.6451   324.4027  # origin
   -0.0601    -0.7726    -0.6321  # x-axis
    0.0235    -0.6341     0.7729  # y-axis
   -0.9979     0.0316     0.0563  # z-axis
...    17 C-G   # A:..21_:[..C]C - B:.379_:[..G]G
  259.6460   308.3316   322.2643  # origin
    0.1749    -0.9756    -0.1325  # x-axis
   -0.0078    -0.1359     0.9907  # y-axis
   -0.9846    -0.1722    -0.0313  # z-axis
...    18 U-A   # A:..22_:[..U]U - B:.353_:[..A]A
  256.2958   308.5079   319.2122  # origin
   -0.0150    -0.4392     0.8982  # x-axis
   -0.4633     0.7992     0.3830  # y-axis
   -0.8861    -0.4104    -0.2155  # z-axis
...    19 A+G   # B:.360_:[..A]A - B:.352_:[..G]G
  251.8183   305.7095   324.2442  # origin
    0.1956    -0.8458     0.4963  # x-axis
    0.5357    -0.3317    -0.7765  # y-axis
    0.8214     0.4178     0.3882  # z-axis
...    20 G-C   # A:..24_:[..G]G - B:.351_:[..C]C
  249.3345   304.2866   322.9034  # origin
   -0.4365     0.2267     0.8707  # x-axis
   -0.1383     0.9393    -0.3139  # y-axis
   -0.8890    -0.2574    -0.3787  # z-axis
...    21 G-C   # A:..25_:[..G]G - B:.350_:[..C]C
  246.1109   301.7007   323.6980  # origin
   -0.2620     0.6868     0.6780  # x-axis
   -0.0302     0.6964    -0.7171  # y-axis
   -0.9646    -0.2083    -0.1617  # z-axis
...    22 C-G   # A:..26_:[..C]C - B:.348_:[..G]G
  242.6813   301.7128   324.4960  # origin
   -0.1181     0.9906    -0.0687  # x-axis
    0.2493    -0.0374    -0.9677  # y-axis
   -0.9612    -0.1314    -0.2426  # z-axis
...    23 U-A   # A:..27_:[..U]U - B:.347_:[..A]A
  239.2826   302.2135   324.7081  # origin
    0.1329     0.8050    -0.5782  # x-axis
    0.2699    -0.5907    -0.7604  # y-axis
   -0.9537    -0.0550    -0.2958  # z-axis
...    24 C-G   # A:..28_:[..C]C - B:.346_:[..G]G
  235.8539   303.1472   325.0483  # origin
    0.3020     0.3860    -0.8717  # x-axis
    0.1402    -0.9224    -0.3598  # y-axis
   -0.9429    -0.0136    -0.3327  # z-axis
...    25 G-C   # A:..29_:[..G]G - B:.345_:[..C]C
  232.9455   304.9719   323.5769  # origin
    0.4715    -0.1306    -0.8722  # x-axis
   -0.0634    -0.9914     0.1142  # y-axis
   -0.8796     0.0014    -0.4757  # z-axis
...    26 U-A   # A:..30_:[..U]U - B:.344_:[..A]A
  230.0704   307.0709   321.9157  # origin
    0.4256    -0.5723    -0.7010  # x-axis
   -0.2259    -0.8173     0.5301  # y-axis
   -0.8762    -0.0672    -0.4772  # z-axis
...    27 G-C   # A:..31_:[..G]G - B:.343_:[..C]C
  227.7815   307.9721   319.4794  # origin
    0.4509    -0.8565    -0.2513  # x-axis
   -0.3894    -0.4420     0.8081  # y-axis
   -0.8032    -0.2665    -0.5328  # z-axis
...    28 C-G   # A:..32_:[..C]C - B:.342_:[..G]G
  226.3839   306.4432   316.3190  # origin
    0.1665    -0.9441     0.2845  # x-axis
   -0.6311     0.1197     0.7664  # y-axis
   -0.7576    -0.3072    -0.5759  # z-axis
...    29 G-C   # A:..33_:[..G]G - B:.339_:[..C]C
  222.2485   301.8855   317.0184  # origin
   -0.4792    -0.2634     0.8372  # x-axis
   -0.4047     0.9128     0.0555  # y-axis
   -0.7788    -0.3122    -0.5440  # z-axis
...    30 G-A   # B:..58_:[..G]G - B:..25_:[..A]A
  223.5549   302.5378   310.6854  # origin
    0.1205     0.6111    -0.7823  # x-axis
   -0.8625     0.4547     0.2224  # y-axis
    0.4916     0.6479     0.5819  # z-axis
...    31 G-C   # B:..57_:[..G]G - B:..26_:[..C]C
  221.7207   301.0211   308.2836  # origin
    0.5684     0.3661    -0.7368  # x-axis
   -0.7480     0.6029    -0.2774  # y-axis
    0.3427     0.7088     0.6165  # z-axis
...    32 C-G   # B:..27_:[..C]C - B:..55_:[..G]G
  220.5211   297.3000   302.3304  # origin
    0.9777     0.0276    -0.2083  # x-axis
    0.2050    -0.3438     0.9164  # y-axis
   -0.0463    -0.9386    -0.3418  # z-axis
...    33 C-G   # B:..28_:[..C]C - B:..54_:[..G]G
  220.1876   294.8276   299.2857  # origin
    0.9342    -0.0617     0.3514  # x-axis
   -0.3537    -0.2896     0.8894  # y-axis
    0.0469    -0.9551    -0.2924  # z-axis
...    34 G-C   # B:..29_:[..G]G - B:..53_:[..C]C
  221.3758   292.3279   296.5447  # origin
    0.6549    -0.0740     0.7521  # x-axis
   -0.7438    -0.2392     0.6241  # y-axis
    0.1337    -0.9682    -0.2116  # z-axis
...    35 C-G   # B:..30_:[..C]C - B:..52_:[..G]G
  224.4072   289.8308   295.4731  # origin
    0.2482    -0.1268     0.9604  # x-axis
   -0.9474    -0.2385     0.2134  # y-axis
    0.2020    -0.9628    -0.1794  # z-axis
...    36 U-A   # B:..31_:[..U]U - B:..51_:[..A]A
  226.7920   286.7887   295.3303  # origin
   -0.6133    -0.2666     0.7435  # x-axis
   -0.7132    -0.2177    -0.6663  # y-axis
    0.3395    -0.9389    -0.0566  # z-axis
...    37 G-C   # B:..32_:[..G]G - B:..50_:[..C]C
  227.7775   283.6884   296.3348  # origin
   -0.9393    -0.3427    -0.0190  # x-axis
    0.0593    -0.1076    -0.9924  # y-axis
    0.3381    -0.9333     0.1214  # z-axis
...    38 A-U   # B:..33_:[..A]A - B:..49_:[..U]U
  233.5255   281.9005   297.0692  # origin
   -0.9489    -0.2367     0.2084  # x-axis
   -0.1508    -0.2401    -0.9590  # y-axis
    0.2771    -0.9414     0.1921  # z-axis
...    39 A+A   # B:..34_:[..A]A - B:..47_:[..A]A
  233.0317   278.4704   297.4193  # origin
    0.2361     0.3392     0.9106  # x-axis
   -0.9129    -0.2436     0.3275  # y-axis
    0.3329    -0.9086     0.2521  # z-axis
...    40 U-U   # B:..35_:[..U]U - B:..46_:[..U]U
  235.9351   276.7067   299.1652  # origin
   -0.9164    -0.3992    -0.0273  # x-axis
    0.1221    -0.2139    -0.9692  # y-axis
    0.3811    -0.8915     0.2448  # z-axis
...    41 U-U   # B:..36_:[..U]U - B:..45_:[..U]U
  235.1071   271.6168   298.6009  # origin
   -0.3397    -0.0866    -0.9365  # x-axis
    0.8786     0.3260    -0.3489  # y-axis
    0.3355    -0.9414    -0.0346  # z-axis
...    42 U-A   # B:..37_:[..U]U - B:..44_:[..A]A
  234.9064   267.9173   298.9117  # origin
    0.3155     0.3246    -0.8917  # x-axis
    0.8879     0.2304     0.3980  # y-axis
    0.3347    -0.9173    -0.2156  # z-axis
...    43 G+U   # B:..93_:[..G]G - B:..43_:[..U]U
  231.1200   262.8337   300.1731  # origin
    0.1334     0.6468    -0.7509  # x-axis
   -0.9826    -0.0123    -0.1852  # y-axis
   -0.1290     0.7626     0.6339  # z-axis
...    44 G-C   # B:..91_:[..G]G - B:..41_:[..C]C
  235.5545   260.9824   298.1660  # origin
    0.5421    -0.0268     0.8399  # x-axis
   -0.7327    -0.5044     0.4568  # y-axis
    0.4114    -0.8630    -0.2930  # z-axis
...    45 C-G   # A:..35_:[..C]C - B:..21_:[..G]G
  221.5055   310.1551   299.2111  # origin
   -0.8008    -0.5702     0.1834  # x-axis
   -0.0126     0.3222     0.9466  # y-axis
   -0.5989     0.7557    -0.2652  # z-axis
...    46 C-A   # A:..54_:[..C]C - A:..48_:[..A]A
  247.8762   328.7567   306.8748  # origin
    0.1893    -0.0338    -0.9813  # x-axis
    0.2297    -0.9701     0.0777  # y-axis
   -0.9547    -0.2401    -0.1759  # z-axis
...    47 G-C   # A:..56_:[..G]G - A:..47_:[..C]C
  242.3243   328.4590   302.0833  # origin
    0.4450    -0.7285    -0.5208  # x-axis
   -0.1176    -0.6241     0.7725  # y-axis
   -0.8878    -0.2825    -0.3634  # z-axis
...    48 C-G   # A:..57_:[..C]C - A:..46_:[..G]G
  240.1714   327.4872   299.2480  # origin
    0.2838    -0.9584     0.0305  # x-axis
   -0.3932    -0.0873     0.9153  # y-axis
   -0.8746    -0.2718    -0.4016  # z-axis
...    49 G-C   # A:..58_:[..G]G - A:..45_:[..C]C
  238.0841   326.7648   296.4770  # origin
    0.2081    -0.7720     0.6006  # x-axis
   -0.5514     0.4146     0.7240  # y-axis
   -0.8079    -0.4818    -0.3393  # z-axis
...    50 U-A   # A:..99_:[..U]U - A:..44_:[..A]A
  236.1070   325.1563   294.1943  # origin
   -0.1655    -0.2946     0.9412  # x-axis
   -0.5499     0.8198     0.1599  # y-axis
   -0.8187    -0.4911    -0.2977  # z-axis
...    51 U-A   # A:.100_:[..U]U - A:..43_:[..A]A
  234.4391   321.9363   293.1908  # origin
   -0.4037     0.2510     0.8798  # x-axis
   -0.3297     0.8571    -0.3958  # y-axis
   -0.8534    -0.4498    -0.2633  # z-axis
...    52 C-G   # A:.101_:[..C]C - A:..42_:[..G]G
  232.1468   318.8344   293.5965  # origin
   -0.4586     0.6774     0.5751  # x-axis
   -0.1188     0.5947    -0.7951  # y-axis
   -0.8806    -0.4330    -0.1923  # z-axis
...    53 G-A   # A:.102_:[..G]G - A:..41_:[..A]A
  228.9477   316.7986   293.6404  # origin
   -0.2939     0.8584    -0.4205  # x-axis
    0.2289    -0.3640    -0.9028  # y-axis
   -0.9280    -0.3616    -0.0896  # z-axis
...    54 A+A   # A:.104_:[..A]A - A:..40_:[..A]A
  225.7325   316.3711   293.4316  # origin
    0.1932    -0.7890    -0.5832  # x-axis
   -0.1700     0.5585    -0.8119  # y-axis
    0.9663     0.2560    -0.0262  # z-axis
...    55 A-G   # A:.103_:[..A]A - A:..39_:[..G]G
  221.0023   318.6861   292.1623  # origin
   -0.3250     0.9145    -0.2410  # x-axis
   -0.0434    -0.2690    -0.9621  # y-axis
   -0.9447    -0.3022     0.1272  # z-axis
...    56 A+C   # A:..37_:[..A]A - A:.105_:[..C]C
  219.3334   315.2630   291.4896  # origin
    0.2848    -0.8066    -0.5180  # x-axis
    0.0286     0.5473    -0.8364  # y-axis
    0.9582     0.2234     0.1790  # z-axis
...    57 C-G   # A:.138_:[..C]C - B:..19_:[..G]G
  213.4171   314.1911   287.8269  # origin
   -0.2434     0.9515     0.1883  # x-axis
    0.2542     0.2500    -0.9343  # y-axis
   -0.9360    -0.1795    -0.3027  # z-axis
...    58 G-C   # A:.139_:[..G]G - B:..18_:[..C]C
  209.7083   314.6893   288.3719  # origin
    0.2014     0.9372    -0.2847  # x-axis
    0.2343    -0.3283    -0.9151  # y-axis
   -0.9511     0.1176    -0.2857  # z-axis
...    59 C-A   # A:.140_:[..C]C - B:..17_:[..A]A
  206.6180   316.0036   287.8159  # origin
    0.3189     0.4622    -0.8274  # x-axis
    0.0407    -0.8789    -0.4753  # y-axis
   -0.9469     0.1179    -0.2991  # z-axis
...    60 C-G   # A:.141_:[..C]C - B:..16_:[..G]G
  203.1934   317.7480   288.7955  # origin
    0.5184     0.1257    -0.8459  # x-axis
   -0.0311    -0.9857    -0.1655  # y-axis
   -0.8546     0.1121    -0.5071  # z-axis
...    61 U-A   # A:.142_:[..U]U - B:..15_:[..A]A
  200.6055   319.3174   287.3129  # origin
    0.5396    -0.3424    -0.7692  # x-axis
   -0.2404    -0.9382     0.2490  # y-axis
   -0.8069     0.0506    -0.5885  # z-axis
...    62 G-C   # A:.143_:[..G]G - B:..14_:[..C]C
  199.5804   319.6097   283.8143  # origin
    0.4966    -0.8327    -0.2450  # x-axis
   -0.6311    -0.5402     0.5567  # y-axis
   -0.5958    -0.1219    -0.7938  # z-axis
...    63 U-A   # A:.144_:[..U]U - B:..12_:[..A]A
  199.2074   319.6272   279.9450  # origin
    0.0174    -0.9884     0.1510  # x-axis
   -0.8065     0.0754     0.5864  # y-axis
   -0.5910    -0.1320    -0.7958  # z-axis
...    64 C-G   # A:.145_:[..C]C - B:..11_:[..G]G
  197.9129   318.7561   277.0090  # origin
   -0.3505    -0.7757     0.5247  # x-axis
   -0.6548     0.6036     0.4549  # y-axis
   -0.6696    -0.1841    -0.7195  # z-axis
...    65 U-A   # A:.146_:[..U]U - B:..10_:[..A]A
  196.1638   316.7347   274.7544  # origin
   -0.5908    -0.2966     0.7503  # x-axis
   -0.3614     0.9288     0.0826  # y-axis
   -0.7213    -0.2223    -0.6559  # z-axis
...    66 G-C   # A:.147_:[..G]G - B:...9_:[..C]C
  193.8971   313.7265   273.6711  # origin
   -0.5413     0.1765     0.8221  # x-axis
   -0.1579     0.9390    -0.3055  # y-axis
   -0.8259    -0.2952    -0.4804  # z-axis
...    67 A-U   # A:.148_:[..A]A - B:...8_:[..U]U
  191.7794   311.0434   272.3356  # origin
   -0.4446     0.6785     0.5848  # x-axis
    0.2170     0.7150    -0.6646  # y-axis
   -0.8690    -0.1685    -0.4651  # z-axis
...    68 G-C   # A:.149_:[..G]G - B:...7_:[..C]C
  189.0731   309.8355   271.2709  # origin
   -0.1659     0.9679     0.1890  # x-axis
    0.4219     0.2428    -0.8735  # y-axis
   -0.8913    -0.0652    -0.4486  # z-axis
...    69 G-C   # A:.151_:[..G]G - B:...6_:[..C]C
  185.4977   308.8946   270.9061  # origin
    0.2807     0.8429    -0.4591  # x-axis
    0.4239    -0.5380    -0.7286  # y-axis
   -0.8611     0.0099    -0.5083  # z-axis
...    70 U-A   # A:.152_:[..U]U - B:...5_:[..A]A
  182.0849   309.7573   270.5782  # origin
    0.5190     0.4472    -0.7284  # x-axis
    0.2157    -0.8931    -0.3947  # y-axis
   -0.8271     0.0477    -0.5600  # z-axis
...    71 C-G   # A:.153_:[..C]C - B:...4_:[..G]G
  179.9700   312.1630   268.5040  # origin
    0.6342    -0.0039    -0.7731  # x-axis
   -0.0781    -0.9952    -0.0590  # y-axis
   -0.7692     0.0978    -0.6315  # z-axis
...    72 G-C   # A:.154_:[..G]G - B:...3_:[..C]C
  177.9083   314.2375   266.2650  # origin
    0.6226    -0.5246    -0.5807  # x-axis
   -0.4289    -0.8494     0.3075  # y-axis
   -0.6545     0.0576    -0.7538  # z-axis
...    73 C-G   # A:.155_:[..C]C - B:...2_:[..G]G
  176.5647   315.1632   263.3279  # origin
    0.3190    -0.9087    -0.2692  # x-axis
   -0.7104    -0.4173     0.5668  # y-axis
   -0.6273     0.0104    -0.7787  # z-axis
...    74 U+C   # A:.156_:[..U]U - B:...1_:[..C]C
  175.0154   314.7472   260.1723  # origin
   -0.8043    -0.1221     0.5816  # x-axis
   -0.0981     0.9925     0.0727  # y-axis
   -0.5861     0.0014    -0.8102  # z-axis
...    75 G-C   # A:..49_:[..G]G - A:..76_:[..C]C
  252.4683   340.2957   309.6017  # origin
   -0.6959    -0.4491     0.5604  # x-axis
   -0.6917     0.2092    -0.6912  # y-axis
    0.1932    -0.8687    -0.4562  # z-axis
...    76 G+C   # A:..60_:[..G]G - A:..96_:[..C]C
  227.4593   334.8373   305.3954  # origin
   -0.9442    -0.2022     0.2599  # x-axis
   -0.3195     0.7538    -0.5742  # y-axis
   -0.0798    -0.6252    -0.7763  # z-axis
...    77 U-A   # A:..64_:[..U]U - A:..95_:[..A]A
  227.1035   334.6341   309.4706  # origin
    0.3898    -0.8824     0.2637  # x-axis
    0.9044     0.3129    -0.2900  # y-axis
    0.1734     0.3515     0.9200  # z-axis
...    78 A-C   # A:..65_:[..A]A - A:..93_:[..C]C
  229.2982   332.3641   313.0571  # origin
    0.8530    -0.5191     0.0534  # x-axis
    0.4617     0.7030    -0.5410  # y-axis
    0.2433     0.4861     0.8393  # z-axis
...    79 A-U   # A:..66_:[..A]A - A:..92_:[..U]U
  229.3812   333.8059   316.5581  # origin
    0.8427     0.2196    -0.4915  # x-axis
   -0.4353     0.8151    -0.3822  # y-axis
    0.3167     0.5360     0.7825  # z-axis
...    80 U-A   # A:..67_:[..U]U - A:..91_:[..A]A
  231.0002   334.3189   319.7203  # origin
    0.4436     0.6068    -0.6595  # x-axis
   -0.8261     0.5623    -0.0383  # y-axis
    0.3476     0.5618     0.7507  # z-axis
...    81 G-C   # A:..68_:[..G]G - A:..90_:[..C]C
  233.4559   335.8790   321.9018  # origin
   -0.1382     0.6907    -0.7099  # x-axis
   -0.9194     0.1771     0.3513  # y-axis
    0.3683     0.7012     0.6105  # z-axis
...    82 G-A   # A:..70_:[..G]G - A:..88_:[..A]A
  235.7880   340.5993   325.1407  # origin
   -0.9524    -0.0056     0.3049  # x-axis
    0.2532    -0.5716     0.7805  # y-axis
    0.1700     0.8205     0.5458  # z-axis
...    83 A-G   # A:..71_:[..A]A - A:..87_:[..G]G
  236.1405   345.1804   326.0489  # origin
   -0.9324     0.2093     0.2945  # x-axis
    0.1753    -0.4507     0.8753  # y-axis
    0.3159     0.8678     0.3835  # z-axis
...    84 G-C   # A:.112_:[..G]G - A:.107_:[..C]C
  228.0025   324.3222   275.6416  # origin
    0.0421     0.2422     0.9693  # x-axis
    0.9151     0.3800    -0.1347  # y-axis
   -0.4010     0.8927    -0.2057  # z-axis
...    85 C-G   # A:.113_:[..C]C - A:.106_:[..G]G
  225.0303   326.6382   275.9744  # origin
    0.5515     0.3971     0.7336  # x-axis
    0.7268     0.2028    -0.6562  # y-axis
   -0.4094     0.8951    -0.1768  # z-axis
...    86 G-U   # A:.114_:[..G]G - A:.136_:[..U]U
  220.2238   328.1041   277.2389  # origin
    0.5067     0.3256     0.7983  # x-axis
    0.7805     0.2199    -0.5852  # y-axis
   -0.3661     0.9196    -0.1427  # z-axis
...    87 G-C   # A:.115_:[..G]G - A:.135_:[..C]C
  218.3372   331.0006   277.9773  # origin
    0.9335     0.2863     0.2159  # x-axis
    0.2460    -0.0731    -0.9665  # y-axis
   -0.2610     0.9553    -0.1386  # z-axis
...    88 C-G   # A:.116_:[..C]C - A:.134_:[..G]G
  216.9698   334.1832   279.3241  # origin
    0.9474     0.1266    -0.2938  # x-axis
   -0.2611    -0.2244    -0.9389  # y-axis
   -0.1848     0.9662    -0.1795  # z-axis
...    89 C-G   # A:.117_:[..C]C - A:.133_:[..G]G
  217.4324   337.6943   280.1648  # origin
    0.6802    -0.2125    -0.7016  # x-axis
   -0.7323    -0.2392    -0.6375  # y-axis
   -0.0324     0.9474    -0.3183  # z-axis
...    90 C-G   # A:.118_:[..C]C - A:.132_:[..G]G
  219.0894   340.9974   279.9043  # origin
    0.2377    -0.3735    -0.8967  # x-axis
   -0.9712    -0.0734    -0.2268  # y-axis
    0.0189     0.9247    -0.3802  # z-axis
...    91 C-G   # A:.119_:[..C]C - A:.131_:[..G]G
  221.1595   343.9169   278.7354  # origin
   -0.3015    -0.4559    -0.8374  # x-axis
   -0.9532     0.1665     0.2525  # y-axis
    0.0243     0.8743    -0.4848  # z-axis
...    92 G-C   # A:.120_:[..G]G - A:.130_:[..C]C
  222.5430   346.0293   276.1301  # origin
   -0.7165    -0.4807    -0.5055  # x-axis
   -0.6935     0.4128     0.5905  # y-axis
   -0.0751     0.7736    -0.6292  # z-axis
...    93 G-C   # A:.121_:[..G]G - A:.129_:[..C]C
  222.7105   347.3170   272.6833  # origin
   -0.9590    -0.2781    -0.0548  # x-axis
   -0.2241     0.6255     0.7474  # y-axis
   -0.1736     0.7290    -0.6621  # z-axis
...    94 G-C   # A:.122_:[..G]G - A:.128_:[..C]C
  221.5005   348.1924   268.9717  # origin
   -0.9013    -0.0111     0.4331  # x-axis
    0.2584     0.7886     0.5580  # y-axis
   -0.3478     0.6148    -0.7079  # z-axis
...    95 U+U   # A:.124_:[..U]U - A:.127_:[..U]U
  221.9602   349.3698   265.2649  # origin
    0.4724     0.7392     0.4801  # x-axis
   -0.8430     0.2199     0.4910  # y-axis
    0.2573    -0.6366     0.7270  # z-axis
...    96 A-U   # B:..59_:[..A]A - B:.337_:[..U]U
  217.9594   295.8871   313.8705  # origin
   -0.3037     0.1398     0.9425  # x-axis
   -0.1821     0.9624    -0.2014  # y-axis
   -0.9352    -0.2328    -0.2668  # z-axis
...    97 A-G   # B:..65_:[..A]A - B:..75_:[..G]G
  197.1421   279.0046   319.0066  # origin
   -0.5577    -0.4084     0.7226  # x-axis
   -0.6843    -0.2666    -0.6788  # y-axis
    0.4699    -0.8730    -0.1308  # z-axis
...    98 C-G   # B:..67_:[..C]C - B:..74_:[..G]G
  197.6804   276.2218   318.6175  # origin
   -0.9188    -0.3381    -0.2037  # x-axis
    0.1436     0.1942    -0.9704  # y-axis
    0.3677    -0.9208    -0.1299  # z-axis
...    99 U-A   # B:..68_:[..U]U - B:..73_:[..A]A
  197.2304   272.4325   320.1627  # origin
   -0.7951    -0.2033    -0.5714  # x-axis
    0.5092     0.2879    -0.8111  # y-axis
    0.3294    -0.9358    -0.1254  # z-axis
...   100 A-C   # B:..69_:[..A]A - B:..71_:[..C]C
  197.0320   269.4247   318.7402  # origin
   -0.4456     0.0421    -0.8942  # x-axis
    0.8342     0.3818    -0.3978  # y-axis
    0.3247    -0.9233    -0.2053  # z-axis
...   101 A-G   # B:..94_:[..A]A - B:..90_:[..G]G
  228.3193   262.4549   305.9831  # origin
   -0.7575    -0.4753     0.4474  # x-axis
    0.6476    -0.4607     0.6069  # y-axis
   -0.0823     0.7495     0.6568  # z-axis
...   102 G-C   # B:..95_:[..G]G - B:..89_:[..C]C
  225.9259   263.6816   308.4484  # origin
   -0.0106    -0.6568     0.7540  # x-axis
    0.9825     0.1332     0.1299  # y-axis
   -0.1857     0.7422     0.6439  # z-axis
...   103 U-A   # B:..96_:[..U]U - B:..88_:[..A]A
  223.0883   265.1493   311.2716  # origin
    0.4693    -0.4871     0.7366  # x-axis
    0.8542     0.4620    -0.2386  # y-axis
   -0.2241     0.7411     0.6329  # z-axis
...   104 G-A   # B:..97_:[..G]G - B:..87_:[..A]A
  221.0956   267.2627   313.6002  # origin
    0.9805     0.1609     0.1126  # x-axis
   -0.0369     0.7140    -0.6992  # y-axis
   -0.1929     0.6814     0.7060  # z-axis
...   105 A-U   # B:..98_:[..A]A - B:..86_:[..U]U
  216.1936   268.9687   315.4379  # origin
    0.9719     0.0550     0.2290  # x-axis
    0.1160     0.7347    -0.6684  # y-axis
   -0.2050     0.6762     0.7076  # z-axis
...   106 A+A   # B:..99_:[..A]A - B:..84_:[..A]A
  216.3578   271.1162   318.3834  # origin
   -0.0994    -0.7394     0.6659  # x-axis
    0.9717     0.0719     0.2249  # y-axis
   -0.2142     0.6694     0.7113  # z-axis
...   107 C-C   # B:.100_:[..C]C - B:..83_:[..C]C
  214.0700   272.5275   321.3937  # origin
    0.9317     0.3492    -0.1000  # x-axis
   -0.3021     0.5922    -0.7470  # y-axis
   -0.2017     0.7262     0.6572  # z-axis
...   108 A-U   # B:.101_:[..A]A - B:..82_:[..U]U
  213.7953   274.6760   324.2944  # origin
    0.4805     0.5699    -0.6666  # x-axis
   -0.8302     0.0508    -0.5551  # y-axis
   -0.2825     0.8202     0.4975  # z-axis
...   109 G-C   # B:.102_:[..G]G - B:..81_:[..C]C
  213.9812   277.8147   326.2676  # origin
   -0.2710     0.2499    -0.9296  # x-axis
   -0.8581    -0.5003     0.1157  # y-axis
   -0.4361     0.8290     0.3500  # z-axis
...   110 G-C   # B:.103_:[..G]G - B:..80_:[..C]C
  213.8987   281.5913   326.4070  # origin
   -0.6228    -0.1410    -0.7696  # x-axis
   -0.6013    -0.5431     0.5861  # y-axis
   -0.5006     0.8277     0.2534  # z-axis
...   111 G-C   # B:.104_:[..G]G - B:..79_:[..C]C
  212.4097   285.1081   324.7622  # origin
   -0.7649    -0.4819    -0.4274  # x-axis
   -0.2878    -0.3379     0.8961  # y-axis
   -0.5762     0.8085     0.1198  # z-axis
...   112 A-U   # B:.105_:[..A]A - B:..78_:[..U]U
  210.5922   287.9406   323.3251  # origin
   -0.6881    -0.7011     0.1872  # x-axis
    0.2326     0.0312     0.9721  # y-axis
   -0.6873     0.7124     0.1416  # z-axis
...   113 A+U   # B:.336_:[..A]A - B:..77_:[..U]U
  208.8346   291.0233   320.3221  # origin
   -0.6785    -0.5821    -0.4482  # x-axis
    0.2388     0.4022    -0.8838  # y-axis
    0.6947    -0.7067    -0.1339  # z-axis
...   114 A+A   # B:..76_:[..A]A - B:.335_:[..A]A
  205.3858   292.0911   319.5160  # origin
    0.5759     0.8163    -0.0457  # x-axis
    0.0324     0.0331     0.9989  # y-axis
    0.8169    -0.5767    -0.0074  # z-axis
...   115 G-A   # B:..63_:[..G]G - B:.334_:[..A]A
  204.7144   295.2369   317.4983  # origin
    0.0312    -0.2058    -0.9781  # x-axis
   -0.3043    -0.9341     0.1868  # y-axis
   -0.9521     0.2918    -0.0918  # z-axis
...   116 A-U   # B:..64_:[..A]A - B:.333_:[..U]U
  201.0191   292.4467   316.7042  # origin
    0.2639     0.2207    -0.9390  # x-axis
   -0.2530    -0.9235    -0.2882  # y-axis
   -0.9308     0.3137    -0.1879  # z-axis
...   117 G-C   # B:.109_:[..G]G - B:.332_:[..C]C
  198.3172   294.0116   313.0794  # origin
   -0.0001    -0.9486    -0.3164  # x-axis
   -0.2649    -0.3051     0.9147  # y-axis
   -0.9643     0.0840    -0.2513  # z-axis
...   118 C-G   # B:.110_:[..C]C - B:.331_:[..G]G
  195.8731   292.8607   309.5591  # origin
   -0.0935    -0.9938     0.0594  # x-axis
   -0.2906     0.0843     0.9531  # y-axis
   -0.9523     0.0718    -0.2967  # z-axis
...   119 C-G   # B:.111_:[..C]C - B:.330_:[..G]G
  193.1683   292.6181   306.2054  # origin
   -0.2243    -0.8066     0.5468  # x-axis
   -0.2178     0.5884     0.7787  # y-axis
   -0.9499     0.0556    -0.3077  # z-axis
...   120 C-G   # B:.112_:[..C]C - B:.278_:[..G]G
  190.5550   290.9117   303.4270  # origin
   -0.1722    -0.4934     0.8526  # x-axis
   -0.0303     0.8678     0.4960  # y-axis
   -0.9846     0.0596    -0.1644  # z-axis
...   121 A-U   # B:.113_:[..A]A - B:.157_:[..U]U
  186.9187   291.1710   302.8772  # origin
   -0.0708     0.7796     0.6222  # x-axis
    0.1648     0.6244    -0.7635  # y-axis
   -0.9838     0.0485    -0.1727  # z-axis
...   122 G-G   # B:.114_:[..G]G - B:.156_:[..G]G
  183.8248   295.1607   305.4732  # origin
    0.2777     0.9011     0.3331  # x-axis
    0.4265     0.1950    -0.8832  # y-axis
   -0.8608     0.3874    -0.3302  # z-axis
...   123 G-C   # B:.116_:[..G]G - B:.155_:[..C]C
  179.4353   298.5692   304.8809  # origin
    0.7641     0.2157    -0.6079  # x-axis
   -0.2928    -0.7238    -0.6249  # y-axis
   -0.5748     0.6555    -0.4899  # z-axis
...   124 C-G   # B:.117_:[..C]C - B:.154_:[..G]G
  177.9966   302.0123   304.2477  # origin
    0.5422    -0.3446    -0.7663  # x-axis
   -0.7321    -0.6413    -0.2296  # y-axis
   -0.4123     0.6856    -0.6000  # z-axis
...   125 C-G   # B:.118_:[..C]C - B:.153_:[..G]G
  178.3281   304.5653   301.9208  # origin
    0.0822    -0.7387    -0.6690  # x-axis
   -0.9509    -0.2592     0.1694  # y-axis
   -0.2985     0.6222    -0.7237  # z-axis
...   126 A-U   # B:.121_:[..A]A - B:.152_:[..U]U
  179.1665   307.1603   299.4608  # origin
   -0.5037    -0.8289    -0.2435  # x-axis
   -0.7972     0.3373     0.5006  # y-axis
   -0.3328     0.4463    -0.8307  # z-axis
...   127 G-A   # B:.151_:[..G]G - B:.120_:[..A]A
  179.3769   304.7492   293.6300  # origin
   -0.3122    -0.7960    -0.5185  # x-axis
    0.9416    -0.1867    -0.2802  # y-axis
    0.1262    -0.5757     0.8078  # z-axis
...   128 U-A   # B:.122_:[..U]U - B:.147_:[..A]A
  183.4289   313.2228   294.8169  # origin
   -0.7973     0.5562    -0.2342  # x-axis
   -0.4196    -0.2319     0.8776  # y-axis
    0.4338     0.7980     0.4183  # z-axis
...   129 C-G   # B:.123_:[..C]C - B:.146_:[..G]G
  185.5860   316.6123   294.1771  # origin
   -0.9134     0.3133     0.2599  # x-axis
    0.0825    -0.4827     0.8719  # y-axis
    0.3986     0.8178     0.4150  # z-axis
...   130 C-G   # B:.124_:[..C]C - B:.145_:[..G]G
  187.0640   320.3368   293.7431  # origin
   -0.7764     0.0001     0.6302  # x-axis
    0.4982    -0.6122     0.6140  # y-axis
    0.3859     0.7907     0.4753  # z-axis
...   131 C-G   # B:.125_:[..C]C - B:.144_:[..G]G
  186.7956   323.9592   294.7071  # origin
   -0.4230    -0.3662     0.8288  # x-axis
    0.8241    -0.5356     0.1840  # y-axis
    0.3766     0.7609     0.5284  # z-axis
...   132 C-G   # B:.126_:[..C]C - B:.142_:[..G]G
  186.2570   327.0533   296.7489  # origin
    0.0627    -0.6251     0.7780  # x-axis
    0.9328    -0.2405    -0.2684  # y-axis
    0.3549     0.7425     0.5681  # z-axis
...   133 G-C   # B:.127_:[..G]G - B:.141_:[..C]C
  186.1987   329.5131   299.5437  # origin
    0.4143    -0.8807     0.2298  # x-axis
    0.7594     0.1953    -0.6206  # y-axis
    0.5017     0.4316     0.7497  # z-axis
...   134 C-G   # B:.128_:[..C]C - B:.140_:[..G]G
  186.7690   330.9040   302.8290  # origin
    0.7247    -0.6715    -0.1547  # x-axis
    0.4268     0.6137    -0.6642  # y-axis
    0.5410     0.4153     0.7313  # z-axis
...   135 C-G   # B:.129_:[..C]C - B:.139_:[..G]G
  188.3174   331.0022   306.0092  # origin
    0.7587    -0.3820    -0.5276  # x-axis
    0.0795     0.8583    -0.5070  # y-axis
    0.6465     0.3428     0.6816  # z-axis
...   136 C-G   # B:.130_:[..C]C - B:.138_:[..G]G
  190.6938   330.6424   308.7372  # origin
    0.5018     0.0360    -0.8642  # x-axis
   -0.3033     0.9430    -0.1368  # y-axis
    0.8101     0.3307     0.4841  # z-axis
...   137 C-G   # B:.131_:[..C]C - B:.137_:[..G]G
  194.2920   330.1170   309.2378  # origin
    0.0644     0.5089    -0.8584  # x-axis
   -0.4199     0.7942     0.4394  # y-axis
    0.9053     0.3321     0.2648  # z-axis
...   138 A+C   # B:.158_:[..A]A - B:.276_:[..C]C
  180.8223   285.0537   308.4399  # origin
   -0.4824     0.1965    -0.8536  # x-axis
    0.7349     0.6211    -0.2723  # y-axis
    0.4767    -0.7587    -0.4440  # z-axis
...   139 G-C   # B:.160_:[..G]G - B:.275_:[..C]C
  176.7382   286.1022   311.0713  # origin
   -0.6203    -0.6769     0.3964  # x-axis
    0.6437    -0.1506     0.7503  # y-axis
   -0.4482     0.7205     0.5291  # z-axis
...   140 G-C   # B:.161_:[..G]G - B:.274_:[..C]C
  173.8342   288.1656   311.8428  # origin
   -0.1094    -0.6935     0.7121  # x-axis
    0.8846     0.2588     0.3879  # y-axis
   -0.4533     0.6724     0.5852  # z-axis
...   141 A-U   # B:.162_:[..A]A - B:.273_:[..U]U
  170.7819   289.7994   313.1308  # origin
    0.3974    -0.5089     0.7636  # x-axis
    0.8115     0.5834    -0.0334  # y-axis
   -0.4285     0.6329     0.6448  # z-axis
...   142 A-U   # B:.163_:[..A]A - B:.272_:[..U]U
  168.5733   291.0113   315.3398  # origin
    0.8407    -0.1347     0.5245  # x-axis
    0.4219     0.7702    -0.4783  # y-axis
   -0.3396     0.6234     0.7043  # z-axis
...   143 G-C   # B:.164_:[..G]G - B:.271_:[..C]C
  167.5099   291.8789   318.4263  # origin
    0.9740     0.2026     0.1016  # x-axis
   -0.0793     0.7246    -0.6846  # y-axis
   -0.2123     0.6587     0.7218  # z-axis
...   144 A-U   # B:.165_:[..A]A - B:.270_:[..U]U
  167.4795   292.9914   321.6376  # origin
    0.7692     0.5167    -0.3760  # x-axis
   -0.6251     0.4862    -0.6106  # y-axis
   -0.1327     0.7047     0.6970  # z-axis
...   145 C-G   # B:.166_:[..C]C - B:.269_:[..G]G
  168.4843   294.9820   324.3632  # origin
    0.2994     0.6463    -0.7019  # x-axis
   -0.9510     0.1431    -0.2740  # y-axis
   -0.0766     0.7495     0.6575  # z-axis
...   146 C-G   # B:.167_:[..C]C - B:.268_:[..G]G
  170.0399   297.5935   326.1342  # origin
   -0.2552     0.5370    -0.8041  # x-axis
   -0.9669    -0.1390     0.2140  # y-axis
    0.0032     0.8321     0.5546  # z-axis
...   147 C-G   # B:.168_:[..C]C - B:.267_:[..G]G
  171.3231   300.9564   326.8424  # origin
   -0.7324     0.3463    -0.5862  # x-axis
   -0.6808    -0.3823     0.6248  # y-axis
   -0.0078     0.8567     0.5157  # z-axis
...   148 G-C   # B:.169_:[..G]G - B:.266_:[..C]C
  172.0874   304.6117   327.0094  # origin
   -0.9642     0.0575    -0.2589  # x-axis
   -0.2543    -0.4779     0.8408  # y-axis
   -0.0754     0.8765     0.4754  # z-axis
...   149 C-C   # B:.172_:[..C]C - B:.264_:[..C]C
  182.0659   316.2317   322.9420  # origin
   -0.2990     0.9494     0.0957  # x-axis
   -0.1664    -0.1507     0.9745  # y-axis
    0.9396     0.2754     0.2031  # z-axis
...   150 C-G   # B:.173_:[..C]C - B:.263_:[..G]G
  185.3041   316.9816   322.4905  # origin
   -0.3782     0.5693     0.7299  # x-axis
    0.1176    -0.7526     0.6479  # y-axis
    0.9182     0.3308     0.2177  # z-axis
...   151 C-G   # B:.174_:[..C]C - B:.262_:[..G]G
  188.0433   319.3713   322.5230  # origin
   -0.2950     0.0805     0.9521  # x-axis
    0.3154    -0.9324     0.1766  # y-axis
    0.9019     0.3523     0.2497  # z-axis
...   152 C-G   # B:.175_:[..C]C - B:.261_:[..G]G
  190.5310   322.4690   322.4490  # origin
   -0.2792    -0.2653     0.9229  # x-axis
    0.4056    -0.9037    -0.1371  # y-axis
    0.8704     0.3360     0.3599  # z-axis
...   153 G-C   # B:.176_:[..G]G - B:.260_:[..C]C
  192.4495   324.7414   324.3317  # origin
   -0.1053    -0.7275     0.6779  # x-axis
    0.5384    -0.6149    -0.5762  # y-axis
    0.8361     0.3043     0.4565  # z-axis
...   154 G-C   # B:.177_:[..G]G - B:.259_:[..C]C
  194.1715   326.0542   327.0558  # origin
    0.1439    -0.9536     0.2645  # x-axis
    0.5457    -0.1465    -0.8251  # y-axis
    0.8255     0.2630     0.4993  # z-axis
...   155 C-G   # B:.178_:[..C]C - B:.258_:[..G]G
  195.1935   326.1334   331.4775  # origin
    0.0042    -0.9911     0.1330  # x-axis
    0.3463    -0.1233    -0.9300  # y-axis
    0.9381     0.0499     0.3427  # z-axis
...   156 G-C   # B:.179_:[..G]G - B:.257_:[..C]C
  198.0322   325.6010   332.2598  # origin
    0.2561    -0.5338    -0.8059  # x-axis
    0.1864     0.8453    -0.5007  # y-axis
    0.9485    -0.0220     0.3160  # z-axis
...   157 C-G   # B:.180_:[..C]C - B:.256_:[..G]G
  200.6612   323.9709   333.9746  # origin
    0.3427     0.1651    -0.9248  # x-axis
    0.0641     0.9780     0.1984  # y-axis
    0.9373    -0.1272     0.3246  # z-axis
...   158 G-C   # B:.182_:[..G]G - B:.255_:[..C]C
  204.3701   320.0842   334.8163  # origin
   -0.0034     0.8047    -0.5937  # x-axis
    0.0539     0.5930     0.8034  # y-axis
    0.9985    -0.0293    -0.0454  # z-axis
...   159 C-G   # B:.183_:[..C]C - B:.254_:[..G]G
  207.5948   319.3855   333.5721  # origin
    0.0280     0.9995    -0.0151  # x-axis
   -0.0169     0.0156     0.9997  # y-axis
    0.9995    -0.0277     0.0173  # z-axis
...   160 C-G   # B:.185_:[..C]C - B:.253_:[..G]G
  210.9167   318.7157   332.0750  # origin
   -0.0971     0.7095     0.6980  # x-axis
    0.0180    -0.6999     0.7140  # y-axis
    0.9951     0.0819     0.0552  # z-axis
...   161 G-C   # B:.189_:[..G]G - B:.252_:[..C]C
  214.2349   322.6213   330.1929  # origin
   -0.1736     0.7326     0.6582  # x-axis
    0.0081    -0.6672     0.7448  # y-axis
    0.9848     0.1346     0.1099  # z-axis
...   162 G-C   # B:.190_:[..G]G - B:.251_:[..C]C
  217.4922   324.4373   329.4969  # origin
   -0.2033     0.2435     0.9484  # x-axis
    0.0705    -0.9624     0.2622  # y-axis
    0.9766     0.1201     0.1785  # z-axis
...   163 G-C   # B:.191_:[..G]G - B:.250_:[..C]C
  220.4382   326.5145   329.9187  # origin
   -0.2394    -0.2791     0.9300  # x-axis
    0.1349    -0.9581    -0.2528  # y-axis
    0.9615     0.0649     0.2670  # z-axis
...   164 G-C   # B:.192_:[..G]G - B:.249_:[..C]C
  223.1147   328.0961   332.1003  # origin
   -0.3145    -0.7383     0.5966  # x-axis
    0.3134    -0.6740    -0.6689  # y-axis
    0.8960    -0.0234     0.4434  # z-axis
...   165 G-C   # B:.193_:[..G]G - B:.248_:[..C]C
  225.2924   328.7471   335.1239  # origin
   -0.2679    -0.9578     0.1040  # x-axis
    0.4276    -0.2150    -0.8780  # y-axis
    0.8634    -0.1908     0.4671  # z-axis
...   166 C-G   # B:.194_:[..C]C - B:.247_:[..G]G
  227.3788   328.0853   337.9235  # origin
   -0.0640    -0.9130    -0.4029  # x-axis
    0.4972     0.3209    -0.8061  # y-axis
    0.8653    -0.2519     0.4334  # z-axis
...   167 C-G   # B:.195_:[..C]C - B:.246_:[..G]G
  228.9909   325.5641   340.4446  # origin
    0.1109    -0.6606    -0.7425  # x-axis
    0.5026     0.6818    -0.5316  # y-axis
    0.8574    -0.3142     0.4076  # z-axis
...   168 C-G   # B:.196_:[..C]C - B:.244_:[..G]G
  230.5597   323.1090   343.0327  # origin
    0.2562    -0.2732    -0.9272  # x-axis
    0.3648     0.9156    -0.1690  # y-axis
    0.8951    -0.2950     0.3343  # z-axis
...   169 G-U   # B:.225_:[..G]G - B:.242_:[..U]U
  235.9354   322.2868   347.5020  # origin
   -0.3114     0.8042     0.5062  # x-axis
   -0.1437    -0.5664     0.8115  # y-axis
    0.9394     0.1799     0.2919  # z-axis
...   170 U-A   # B:.200_:[..U]U - B:.235_:[..A]A
  253.4402   324.7941   343.8854  # origin
    0.2259     0.2532    -0.9407  # x-axis
    0.1388     0.9474     0.2884  # y-axis
    0.9642    -0.1958     0.1789  # z-axis
...   171 C-G   # B:.238_:[..C]C - B:.230_:[..G]G
  250.1271   322.6200   340.3268  # origin
   -0.0555    -0.8368     0.5447  # x-axis
    0.0159     0.5447     0.8385  # y-axis
   -0.9983     0.0552    -0.0169  # z-axis
...   172 C-G   # B:.239_:[..C]C - B:.229_:[..G]G
  246.8415   321.4654   338.9762  # origin
    0.0980    -0.4028     0.9100  # x-axis
   -0.0194     0.9135     0.4064  # y-axis
   -0.9950    -0.0575     0.0817  # z-axis
...   173 G-C   # B:.240_:[..G]G - B:.228_:[..C]C
  243.6316   319.5361   338.8823  # origin
    0.1832     0.0636     0.9810  # x-axis
   -0.0974     0.9942    -0.0463  # y-axis
   -0.9782    -0.0871     0.1883  # z-axis
...   174 G-A   # B:.241_:[..G]G - B:.227_:[..A]A
  240.5208   318.3345   340.3356  # origin
    0.0026     0.8580     0.5136  # x-axis
   -0.1872     0.5049    -0.8426  # y-axis
   -0.9823    -0.0940     0.1619  # z-axis
...   175 A+U   # B:.208_:[..A]A - B:2304_:[..U]U
  265.3407   317.9669   337.8776  # origin
   -0.0575    -0.9483     0.3120  # x-axis
    0.7633     0.1597     0.6260  # y-axis
   -0.6435     0.2741     0.7146  # z-axis
...   176 U-C   # B:.209_:[..U]U - B:.205_:[..C]C
  265.1303   320.8123   344.3297  # origin
    0.1351     0.5176     0.8449  # x-axis
   -0.7923     0.5685    -0.2216  # y-axis
   -0.5950    -0.6394     0.4869  # z-axis
...   177 G-U   # B:.211_:[..G]G - B:.204_:[..U]U
  263.3480   322.4503   350.8994  # origin
   -0.4841     0.8658    -0.1263  # x-axis
   -0.5922    -0.4305    -0.6812  # y-axis
   -0.6441    -0.2550     0.7211  # z-axis
...   178 A-U   # B:.212_:[..A]A - B:.203_:[..U]U
  262.0658   322.3320   354.3279  # origin
   -0.6900     0.3937    -0.6074  # x-axis
   -0.0869    -0.8781    -0.4705  # y-axis
   -0.7186    -0.2718     0.6401  # z-axis
...   179 G-C   # B:.213_:[..G]G - B:.202_:[..C]C
  259.6533   323.1213   356.7150  # origin
   -0.5291    -0.0704    -0.8457  # x-axis
    0.2692    -0.9590    -0.0886  # y-axis
   -0.8047    -0.2746     0.5263  # z-axis
...   180 G-C   # B:.214_:[..G]G - B:.201_:[..C]C
  255.9239   323.7839   357.1142  # origin
   -0.1801    -0.5549    -0.8122  # x-axis
    0.4235    -0.7890     0.4451  # y-axis
   -0.8878    -0.2638     0.3771  # z-axis
