 1016 base-pairs
...     1 G-C   # 0:...1_:[..G]G - 0:2876_:[..C]C
   13.6847    43.0923   127.4110  # origin
    0.2137    -0.0943    -0.9723  # x-axis
   -0.8308     0.5062    -0.2316  # y-axis
    0.5140     0.8573     0.0298  # z-axis
...     2 G-C   # 0:...2_:[..G]G - 0:2875_:[..C]C
   16.8033    45.4565   127.1259  # origin
   -0.3415     0.0897    -0.9356  # x-axis
   -0.7668     0.5490     0.3326  # y-axis
    0.5435     0.8310    -0.1187  # z-axis
...     3 U-A   # 0:...3_:[..U]U - 0:2874_:[..A]A
   19.3950    47.9133   125.7432  # origin
   -0.7858     0.2399    -0.5700  # x-axis
   -0.4431     0.4245     0.7896  # y-axis
    0.4314     0.8731    -0.2272  # z-axis
...     4 C-G   # 0:...4_:[..C]C - 0:2873_:[..G]G
   20.8056    50.6105   123.7173  # origin
   -0.9715     0.2349     0.0315  # x-axis
    0.1003     0.2872     0.9526  # y-axis
    0.2147     0.9286    -0.3025  # z-axis
...     5 A-U   # 0:...5_:[..A]A - 0:2872_:[..U]U
   20.6578    53.2596   121.8883  # origin
   -0.7994     0.3132     0.5127  # x-axis
    0.5506     0.0404     0.8338  # y-axis
    0.2405     0.9488    -0.2047  # z-axis
...     6 A-U   # 0:...6_:[..A]A - 0:2871_:[..U]U
   20.3147    56.5811   120.2156  # origin
   -0.4141     0.1508     0.8976  # x-axis
    0.9080    -0.0004     0.4190  # y-axis
    0.0636     0.9886    -0.1368  # z-axis
...     7 G-C   # 0:...7_:[..G]G - 0:2870_:[..C]C
   19.1763    59.9497   119.6782  # origin
    0.1102    -0.0366     0.9932  # x-axis
    0.9938    -0.0067    -0.1105  # y-axis
    0.0107     0.9993     0.0356  # z-axis
...     8 A-U   # 0:...8_:[..A]A - 0:2869_:[..U]U
   18.2019    63.4151   120.2457  # origin
    0.6618    -0.1820     0.7273  # x-axis
    0.7412     0.0130    -0.6712  # y-axis
    0.1127     0.9832     0.1435  # z-axis
...     9 U-A   # 0:...9_:[..U]U - 0:2608_:[..A]A
   16.1959    66.7029   122.0311  # origin
    0.9331     0.0149    -0.3593  # x-axis
   -0.3577    -0.0651    -0.9316  # y-axis
   -0.0372     0.9978    -0.0555  # z-axis
...    10 A-A   # 0:..13_:[..A]A - 0:.536_:[..A]A
   18.1071    82.2154   123.0225  # origin
   -0.9161    -0.1792    -0.3586  # x-axis
   -0.3736     0.0573     0.9258  # y-axis
   -0.1453     0.9821    -0.1195  # z-axis
...    11 G-U   # 0:..15_:[..G]G - 0:.535_:[..U]U
   17.6345    87.0882   122.3817  # origin
   -0.8422    -0.5345    -0.0701  # x-axis
   -0.4061     0.5435     0.7346  # y-axis
   -0.3546     0.6472    -0.6748  # z-axis
...    12 G-U   # 0:..16_:[..G]G - 0:.534_:[..U]U
   13.0332    87.0658   118.8934  # origin
   -0.8137    -0.3651     0.4523  # x-axis
    0.1163     0.6600     0.7422  # y-axis
   -0.5695     0.6565    -0.4946  # z-axis
...    13 G-C   # 0:..17_:[..G]G - 0:.533_:[..C]C
   11.5278    88.6147   115.9619  # origin
   -0.4770     0.1830     0.8596  # x-axis
    0.6488     0.7331     0.2040  # y-axis
   -0.5928     0.6551    -0.4684  # z-axis
...    14 U-A   # 0:..18_:[..U]U - 0:.532_:[..A]A
    8.2315    90.5568   114.8381  # origin
    0.1543     0.3196     0.9349  # x-axis
    0.7753     0.5475    -0.3151  # y-axis
   -0.6125     0.7734    -0.1633  # z-axis
...    15 C-G   # 0:..19_:[..C]C - 0:.531_:[..G]G
    5.4297    92.4308   115.1950  # origin
    0.6240     0.4500     0.6388  # x-axis
    0.5259     0.3628    -0.7693  # y-axis
   -0.5779     0.8160    -0.0103  # z-axis
...    16 C-G   # 0:..20_:[..C]C - 0:.530_:[..G]G
    3.4286    94.9358   116.5551  # origin
    0.8841     0.4535     0.1130  # x-axis
    0.0655     0.1192    -0.9907  # y-axis
   -0.4628     0.8833     0.0756  # z-axis
...    17 A-U   # 0:..21_:[..A]A - 0:.529_:[..U]U
    2.6319    98.1456   117.9806  # origin
    0.8589     0.2198    -0.4626  # x-axis
   -0.4454    -0.1252    -0.8865  # y-axis
   -0.2528     0.9675    -0.0097  # z-axis
...    18 C-G   # 0:..22_:[..C]C - 0:.528_:[..G]G
    2.7430   101.8818   119.0329  # origin
    0.5008     0.0467    -0.8643  # x-axis
   -0.8463    -0.1829    -0.5003  # y-axis
   -0.1814     0.9820    -0.0520  # z-axis
...    19 G-C   # 0:..23_:[..G]G - 0:.527_:[..C]C
    4.6644   105.6131   118.5289  # origin
    0.1504    -0.1165    -0.9817  # x-axis
   -0.9885    -0.0029    -0.1511  # y-axis
    0.0148     0.9932    -0.1156  # z-axis
...    20 G-C   # 0:..24_:[..G]G - 0:.526_:[..C]C
    5.9064   108.9574   117.5569  # origin
   -0.3781    -0.2418    -0.8936  # x-axis
   -0.9254     0.0714     0.3722  # y-axis
   -0.0262     0.9677    -0.2507  # z-axis
...    21 U-A   # 0:..25_:[..U]U - 0:.525_:[..A]A
    7.8833   113.1021   116.0513  # origin
   -0.8649    -0.3995    -0.3039  # x-axis
   -0.4597     0.3869     0.7994  # y-axis
   -0.2018     0.8311    -0.5183  # z-axis
...    22 G-A   # 0:..26_:[..G]G - 0:.524_:[..A]A
    5.0377   114.7789   113.5263  # origin
   -0.8135    -0.0219     0.5812  # x-axis
    0.3620     0.7631     0.5354  # y-axis
   -0.4552     0.6459    -0.6129  # z-axis
...    23 G-G   # 0:..27_:[..G]G - 0:.522_:[..G]G
   -2.2863   116.7484   115.7914  # origin
   -0.7330    -0.0814     0.6754  # x-axis
    0.3413     0.8148     0.4687  # y-axis
   -0.5884     0.5741    -0.5694  # z-axis
...    24 U-U   # 0:..29_:[..U]U - 0:.521_:[..U]U
   -2.1874   119.3621   108.8455  # origin
    0.1498     0.4709     0.8694  # x-axis
    0.8854     0.3275    -0.3300  # y-axis
   -0.4401     0.8192    -0.3678  # z-axis
...    25 G-C   # 0:..30_:[..G]G - 0:.520_:[..C]C
   -4.6605   121.8147   107.7833  # origin
    0.7983     0.4615     0.3870  # x-axis
    0.4625    -0.0581    -0.8847  # y-axis
   -0.3858     0.8852    -0.2598  # z-axis
...    26 C-G   # 0:..31_:[..C]C - 0:.485_:[..G]G
   -7.3177   125.2837   107.8895  # origin
    0.9388    -0.3219     0.1224  # x-axis
   -0.0574    -0.4967    -0.8660  # y-axis
    0.3396     0.8060    -0.4848  # z-axis
...    27 C-G   # 0:..32_:[..C]C - 0:.484_:[..G]G
   -5.1658   128.5589   107.4129  # origin
    0.7351    -0.4762    -0.4826  # x-axis
   -0.6245    -0.1983    -0.7555  # y-axis
    0.2641     0.8567    -0.4431  # z-axis
...    28 C+U   # 0:..33_:[..C]C - 0:..34_:[..U]U
   -4.3325   134.2597   110.5314  # origin
    0.5252    -0.4867    -0.6980  # x-axis
   -0.7436     0.1362    -0.6545  # y-axis
    0.4137     0.8629    -0.2904  # z-axis
...    29 G+A   # 0:.458_:[..G]G - 0:.466_:[..A]A
   -5.1752   134.0435   103.7800  # origin
    0.0687    -0.8101    -0.5822  # x-axis
    0.9445    -0.1351     0.2995  # y-axis
   -0.3213    -0.5705     0.7559  # z-axis
...    30 G-C   # 0:..35_:[..G]G - 0:.457_:[..C]C
   -3.1495   137.1493   101.2946  # origin
   -0.8177     0.1846    -0.5452  # x-axis
   -0.3995     0.4998     0.7685  # y-axis
    0.4144     0.8462    -0.3350  # z-axis
...    31 G-C   # 0:..36_:[..G]G - 0:.456_:[..C]C
   -2.4107   139.6136    98.9456  # origin
   -0.8815     0.3887    -0.2681  # x-axis
   -0.0341     0.5140     0.8571  # y-axis
    0.4710     0.7647    -0.4398  # z-axis
...    32 C-G   # 0:..37_:[..C]C - 0:.454_:[..G]G
   -1.9225   142.7169    95.1565  # origin
   -0.8207     0.2801     0.4980  # x-axis
    0.5537     0.1751     0.8141  # y-axis
    0.1408     0.9439    -0.2988  # z-axis
...    33 G-U   # 0:..38_:[..G]G - 0:.453_:[..U]U
   -3.1149   145.4650    94.6543  # origin
   -0.3523     0.1417     0.9251  # x-axis
    0.9346     0.0005     0.3558  # y-axis
    0.0499     0.9899    -0.1326  # z-axis
...    34 C-G   # 0:..39_:[..C]C - 0:.452_:[..G]G
   -3.8794   148.6099    93.0331  # origin
    0.2597     0.0427     0.9647  # x-axis
    0.9637    -0.0759    -0.2560  # y-axis
    0.0623     0.9962    -0.0609  # z-axis
...    35 U-A   # 0:..40_:[..U]U - 0:.451_:[..A]A
   -4.5514   151.7215    93.7109  # origin
    0.7372    -0.0283     0.6751  # x-axis
    0.6747    -0.0241    -0.7377  # y-axis
    0.0372     0.9993     0.0014  # z-axis
...    36 G-C   # 0:..41_:[..G]G - 0:.450_:[..C]C
   -4.3261   154.8115    95.1056  # origin
    0.9494    -0.2850     0.1320  # x-axis
    0.1598     0.0767    -0.9842  # y-axis
    0.2704     0.9554     0.1184  # z-axis
...    37 G-C   # 0:..42_:[..G]G - 0:.449_:[..C]C
   -2.9585   157.7001    96.8072  # origin
    0.8213    -0.3095    -0.4793  # x-axis
   -0.4120     0.2593    -0.8735  # y-axis
    0.3946     0.9149     0.0854  # z-axis
...    38 A-U   # 0:..43_:[..A]A - 0:.447_:[..U]U
   -0.1944   160.0966    94.7364  # origin
   -0.0004    -0.1680    -0.9858  # x-axis
   -0.9079     0.4132    -0.0700  # y-axis
    0.4191     0.8950    -0.1527  # z-axis
...    39 G-C   # 0:..44_:[..G]G - 0:.446_:[..C]C
    2.1595   162.3755    93.7796  # origin
   -0.4013     0.1813    -0.8978  # x-axis
   -0.7496     0.4984     0.4357  # y-axis
    0.5264     0.8478    -0.0641  # z-axis
...    40 G-A   # 0:.192_:[..G]G - 0:.158_:[..A]A
    4.7803   162.6292   100.0895  # origin
   -0.2971     0.6607     0.6893  # x-axis
   -0.4327     0.5504    -0.7141  # y-axis
   -0.8512    -0.5104     0.1224  # z-axis
...    41 C-G   # 0:.160_:[..C]C - 0:.191_:[..G]G
    9.1943   167.2453    98.3642  # origin
    0.2976    -0.0813     0.9512  # x-axis
    0.3825    -0.9028    -0.1968  # y-axis
    0.8747     0.4224    -0.2376  # z-axis
...    42 U-A   # 0:.161_:[..U]U - 0:.189_:[..A]A
   15.1572   169.5489    98.8220  # origin
    0.2669    -0.7265     0.6332  # x-axis
   -0.1830    -0.6833    -0.7069  # y-axis
    0.9462     0.0728    -0.3153  # z-axis
...    43 C-G   # 0:.162_:[..C]C - 0:.188_:[..G]G
   18.5839   170.0397    99.1261  # origin
   -0.0301    -0.9837     0.1776  # x-axis
   -0.2751    -0.1626    -0.9476  # y-axis
    0.9609    -0.0774    -0.2657  # z-axis
...    44 A-U   # 0:.163_:[..A]A - 0:.187_:[..U]U
   22.0527   168.9777    99.5665  # origin
   -0.3498    -0.8835    -0.3117  # x-axis
   -0.1666     0.3860    -0.9073  # y-axis
    0.9219    -0.2654    -0.2822  # z-axis
...    45 G-C   # 0:.164_:[..G]G - 0:.186_:[..C]C
   25.2579   167.0777    99.8423  # origin
   -0.5553    -0.4812    -0.6783  # x-axis
    0.1068     0.7676    -0.6319  # y-axis
    0.8247    -0.4234    -0.3749  # z-axis
...    46 G-C   # 0:.165_:[..G]G - 0:.185_:[..C]C
   27.3965   164.2884    98.8615  # origin
   -0.5439     0.0815    -0.8352  # x-axis
    0.4284     0.8828    -0.1928  # y-axis
    0.7216    -0.4626    -0.5150  # z-axis
...    47 G-A   # 0:.166_:[..G]G - 0:.184_:[..A]A
   28.9820   162.7239    96.1622  # origin
   -0.0222     0.8190    -0.5733  # x-axis
    0.7800     0.3729     0.5025  # y-axis
    0.6254    -0.4360    -0.6471  # z-axis
...    48 A-U   # 0:.167_:[..A]A - 0:.183_:[..U]U
   30.3043   155.7985    96.8033  # origin
   -0.0587     0.7724    -0.6325  # x-axis
    0.8167     0.4015     0.4145  # y-axis
    0.5741    -0.4922    -0.6543  # z-axis
...    49 A+A   # 0:.168_:[..A]A - 0:.181_:[..A]A
   33.3000   154.7968    94.4883  # origin
   -0.8371    -0.3614    -0.4108  # x-axis
   -0.1018     0.8406    -0.5320  # y-axis
    0.5376    -0.4035    -0.7404  # z-axis
...    50 C-C   # 0:.169_:[..C]C - 0:.180_:[..C]C
   34.0448   152.3219    92.3395  # origin
    0.3365     0.8039    -0.4904  # x-axis
    0.7876     0.0452     0.6146  # y-axis
    0.5162    -0.5930    -0.6179  # z-axis
...    51 U-U   # 0:.170_:[..U]U - 0:.179_:[..U]U
   36.6823   151.5015    89.2406  # origin
    0.7211     0.4907     0.4891  # x-axis
    0.0617    -0.7486     0.6602  # y-axis
    0.6901    -0.4458    -0.5700  # z-axis
...    52 G-C   # 0:.171_:[..G]G - 0:.178_:[..C]C
   40.4086   151.1468    86.6038  # origin
    0.3618     0.0682     0.9297  # x-axis
   -0.3228    -0.9265     0.1935  # y-axis
    0.8746    -0.3701    -0.3132  # z-axis
...    53 A-U   # 0:.172_:[..A]A - 0:.177_:[..U]U
   43.2741   151.0578    85.6154  # origin
    0.0492    -0.4007     0.9149  # x-axis
   -0.4772    -0.8141    -0.3309  # y-axis
    0.8774    -0.4203    -0.2313  # z-axis
...    54 G-C   # 0:.225_:[..G]G - 0:.175_:[..C]C
   46.3792   150.6694    82.6321  # origin
   -0.8440    -0.4054    -0.3511  # x-axis
    0.0104     0.6422    -0.7664  # y-axis
    0.5362    -0.6506    -0.5378  # z-axis
...    55 C-G   # 0:..45_:[..C]C - 0:.156_:[..G]G
    7.3280   169.6129   106.5997  # origin
    0.5903     0.6535    -0.4739  # x-axis
   -0.5778    -0.0679    -0.8134  # y-axis
   -0.5637     0.7539     0.3375  # z-axis
...    56 C-G   # 0:..46_:[..C]C - 0:.155_:[..G]G
    6.5268   172.9036   108.6098  # origin
    0.1635     0.4880    -0.8574  # x-axis
   -0.8838    -0.3138    -0.3471  # y-axis
   -0.4384     0.8145     0.3800  # z-axis
...    57 A-U   # 0:..48_:[..A]A - 0:.118_:[..U]U
    8.1486   179.1898   116.3383  # origin
    0.2071    -0.2398    -0.9485  # x-axis
   -0.9214     0.2780    -0.2715  # y-axis
    0.3288     0.9302    -0.1633  # z-axis
...    58 A-U   # 0:.143_:[..A]A - 0:.154_:[..U]U
   13.0478   180.8432   117.4928  # origin
   -0.9974     0.0725     0.0006  # x-axis
    0.0222     0.2974     0.9545  # y-axis
    0.0690     0.9520    -0.2982  # z-axis
...    59 U-A   # 0:.144_:[..U]U - 0:.153_:[..A]A
   11.2191   184.4377   115.3807  # origin
   -0.8574     0.1778     0.4829  # x-axis
    0.5142     0.3328     0.7905  # y-axis
   -0.0202     0.9261    -0.3768  # z-axis
...    60 C-G   # 0:.145_:[..C]C - 0:.152_:[..G]G
   10.0881   187.5588   113.1122  # origin
   -0.4253     0.3069     0.8514  # x-axis
    0.9044     0.1792     0.3872  # y-axis
   -0.0338     0.9347    -0.3538  # z-axis
...    61 C-G   # 0:.146_:[..C]C - 0:.151_:[..G]G
    8.8712   190.5925   111.3494  # origin
    0.0944     0.0389     0.9948  # x-axis
    0.9903     0.0984    -0.0979  # y-axis
   -0.1017     0.9944    -0.0292  # z-axis
...    62 G-A   # 0:.147_:[..G]G - 0:.150_:[..A]A
    6.9908   193.8951   110.5469  # origin
    0.8553    -0.0790     0.5121  # x-axis
    0.5174     0.0753    -0.8525  # y-axis
    0.0288     0.9940     0.1052  # z-axis
...    63 A+A   # 0:..51_:[..A]A - 0:.117_:[..A]A
    6.4591   170.7533   117.9048  # origin
    0.9359    -0.1877     0.2982  # x-axis
   -0.0316     0.7981     0.6017  # y-axis
   -0.3510    -0.5725     0.7410  # z-axis
...    64 A-G   # 0:..52_:[..A]A - 0:.115_:[..G]G
    6.1359   168.0141   120.3744  # origin
   -0.3024     0.6702     0.6778  # x-axis
   -0.9327    -0.0616    -0.3553  # y-axis
   -0.1963    -0.7396     0.6438  # z-axis
...    65 G-C   # 0:..53_:[..G]G - 0:.114_:[..C]C
    5.2838   165.4996   122.9154  # origin
   -0.9053     0.4242    -0.0226  # x-axis
   -0.2401    -0.5548    -0.7966  # y-axis
   -0.3504    -0.7157     0.6041  # z-axis
...    66 G-C   # 0:..54_:[..G]G - 0:.113_:[..C]C
    3.5201   164.9370   125.8326  # origin
   -0.8151     0.2732    -0.5108  # x-axis
    0.1358    -0.7670    -0.6271  # y-axis
   -0.5631    -0.5805     0.5881  # z-axis
...    67 A-U   # 0:..55_:[..A]A - 0:.112_:[..U]U
    1.0092   164.0349   128.2381  # origin
   -0.3431    -0.1250    -0.9310  # x-axis
    0.5803    -0.8075    -0.1054  # y-axis
   -0.7386    -0.5764     0.3496  # z-axis
...    68 C-G   # 0:..56_:[..C]C - 0:..69_:[..G]G
   -1.7578   162.7630   129.1893  # origin
    0.2007    -0.4789    -0.8546  # x-axis
    0.7674    -0.4654     0.4410  # y-axis
   -0.6090    -0.7443     0.2741  # z-axis
...    69 G-C   # 0:..57_:[..G]G - 0:..68_:[..C]C
   -4.1131   160.9059   128.0474  # origin
    0.6103    -0.6501    -0.4527  # x-axis
    0.5354    -0.0827     0.8405  # y-axis
   -0.5839    -0.7554     0.2975  # z-axis
...    70 U-A   # 0:..66_:[..U]U - 0:..72_:[..A]A
   -6.5495   157.1589   128.8600  # origin
    0.6945    -0.1534     0.7030  # x-axis
    0.5415    -0.5320    -0.6510  # y-axis
    0.4739     0.8327    -0.2864  # z-axis
...    71 C-G   # 0:..58_:[..C]C - 0:..67_:[..G]G
  -11.1130   157.2695   128.0813  # origin
    0.6851    -0.7284     0.0090  # x-axis
    0.1746     0.1763     0.9687  # y-axis
   -0.7072    -0.6621     0.2480  # z-axis
...    72 G-A   # 0:..59_:[..G]G - 0:..73_:[..A]A
  -11.8035   151.2457   129.6738  # origin
    0.6483    -0.7414     0.1734  # x-axis
   -0.0488     0.1869     0.9812  # y-axis
   -0.7598    -0.6446     0.0849  # z-axis
...    73 A-U   # 0:..60_:[..A]A - 0:..92_:[..U]U
  -18.9055   145.4702   136.2756  # origin
    0.1051     0.0213    -0.9942  # x-axis
    0.2474     0.9678     0.0469  # y-axis
    0.9632    -0.2509     0.0964  # z-axis
...    74 U-A   # 0:..61_:[..U]U - 0:..91_:[..A]A
  -14.9747   143.5789   134.2250  # origin
   -0.1532     0.7093    -0.6881  # x-axis
    0.2412     0.7021     0.6700  # y-axis
    0.9583    -0.0633    -0.2786  # z-axis
...    75 U+A   # 0:..62_:[..U]U - 0:..63_:[..A]A
   -8.4258   143.7766   130.6258  # origin
   -0.9241     0.3583    -0.1331  # x-axis
    0.1299     0.6219     0.7722  # y-axis
    0.3594     0.6963    -0.6213  # z-axis
...    76 C-G   # 0:..64_:[..C]C - 0:..88_:[..G]G
   -8.2463   146.0044   126.7438  # origin
   -0.5813     0.3523     0.7334  # x-axis
    0.8119     0.1918     0.5514  # y-axis
    0.0536     0.9160    -0.3975  # z-axis
...    77 C-G   # 0:..65_:[..C]C - 0:..87_:[..G]G
   -9.3327   149.2987   125.0964  # origin
    0.0215     0.0298     0.9993  # x-axis
    0.9979     0.0599    -0.0233  # y-axis
   -0.0606     0.9978    -0.0284  # z-axis
...    78 C-G   # 0:..75_:[..C]C - 0:.108_:[..G]G
  -16.8700   169.4064   120.8035  # origin
    0.4617    -0.7525    -0.4696  # x-axis
   -0.2684    -0.6231     0.7346  # y-axis
   -0.8454    -0.2132    -0.4897  # z-axis
...    79 C-G   # 0:..76_:[..C]C - 0:.107_:[..G]G
  -19.4123   169.7904   117.5917  # origin
    0.4025    -0.9061     0.1305  # x-axis
   -0.4257    -0.0590     0.9029  # y-axis
   -0.8104    -0.4190    -0.4095  # z-axis
...    80 C-G   # 0:..77_:[..C]C - 0:.106_:[..G]G
  -21.4325   168.7448   114.5624  # origin
    0.2418    -0.7653     0.5965  # x-axis
   -0.5326     0.4092     0.7409  # y-axis
   -0.8111    -0.4969    -0.3087  # z-axis
...    81 C-G   # 0:..78_:[..C]C - 0:.105_:[..G]G
  -23.3559   166.7880   113.1041  # origin
    0.0527    -0.4117     0.9098  # x-axis
   -0.7321     0.6037     0.3156  # y-axis
   -0.6792    -0.6827    -0.2696  # z-axis
...    82 G-C   # 0:..79_:[..G]G - 0:.104_:[..C]C
  -25.1923   161.9511   111.8685  # origin
    0.1072     0.2399     0.9649  # x-axis
   -0.6245     0.7714    -0.1224  # y-axis
   -0.7736    -0.5895     0.2325  # z-axis
...    83 A-U   # 0:..80_:[..A]A - 0:.103_:[..U]U
  -26.9633   159.2777   112.9355  # origin
   -0.2439     0.6650     0.7059  # x-axis
   -0.5664     0.4932    -0.6603  # y-axis
   -0.7872    -0.5608     0.2564  # z-axis
...    84 C-C   # 0:..81_:[..C]C - 0:.102_:[..C]C
  -29.2009   156.4314   114.7566  # origin
   -0.5572     0.8224    -0.1146  # x-axis
   -0.2155    -0.2766    -0.9365  # y-axis
   -0.8019    -0.4971     0.3314  # z-axis
...    85 G-G   # 0:..82_:[..G]G - 0:.100_:[..G]G
  -36.1999   161.2190   114.2779  # origin
   -0.4929     0.7872    -0.3706  # x-axis
   -0.3121    -0.5575    -0.7693  # y-axis
   -0.8122    -0.2635     0.5205  # z-axis
...    86 G-C   # 0:..84_:[..G]G - 0:..96_:[..C]C
  -31.2704   151.1287   125.8397  # origin
   -0.5853    -0.6019     0.5433  # x-axis
   -0.0640    -0.6336    -0.7710  # y-axis
    0.8083    -0.4860     0.3323  # z-axis
...    87 C-G   # 0:..85_:[..C]C - 0:..95_:[..G]G
  -28.4672   149.5357   127.9782  # origin
   -0.5553    -0.8308     0.0384  # x-axis
    0.2048    -0.1813    -0.9619  # y-axis
    0.8060    -0.5263     0.2708  # z-axis
...    88 C-G   # 0:.126_:[..C]C - 0:.121_:[..G]G
   12.9955   172.3440   133.4123  # origin
   -0.6442     0.2877    -0.7087  # x-axis
   -0.6220    -0.7363     0.2664  # y-axis
   -0.4452     0.6124     0.6533  # z-axis
...    89 C-G   # 0:.127_:[..C]C - 0:.120_:[..G]G
   12.1377   175.3064   135.0773  # origin
   -0.7745    -0.2665    -0.5737  # x-axis
   -0.2174    -0.7395     0.6370  # y-axis
   -0.5941     0.6181     0.5148  # z-axis
...    90 C-G   # 0:.128_:[..C]C - 0:.119_:[..G]G
    9.4674   177.5277   135.2619  # origin
   -0.6035    -0.7762    -0.1823  # x-axis
    0.2140    -0.3780     0.9007  # y-axis
   -0.7681     0.5046     0.3943  # z-axis
...    91 A-U   # 0:.129_:[..A]A - 0:.142_:[..U]U
    6.9165   182.9861   133.2063  # origin
   -0.7854    -0.6066    -0.1233  # x-axis
    0.2138    -0.4528     0.8656  # y-axis
   -0.5809     0.6534     0.4854  # z-axis
...    92 C-G   # 0:.130_:[..C]C - 0:.141_:[..G]G
    4.1254   185.3342   133.8149  # origin
   -0.4285    -0.8505     0.3052  # x-axis
    0.5500     0.0224     0.8348  # y-axis
   -0.7168     0.5256     0.4582  # z-axis
...    93 C-G   # 0:.131_:[..C]C - 0:.140_:[..G]G
    0.8764   186.3941   134.5636  # origin
    0.0456    -0.7632     0.6445  # x-axis
    0.6413     0.5171     0.5669  # y-axis
   -0.7659     0.3875     0.5131  # z-axis
...    94 U-A   # 0:.132_:[..U]U - 0:.139_:[..A]A
   -2.3830   186.5109   136.0806  # origin
    0.4992    -0.4249     0.7551  # x-axis
    0.4917     0.8565     0.1570  # y-axis
   -0.7135     0.2929     0.6365  # z-axis
...    95 C-G   # 0:.133_:[..C]C - 0:.138_:[..G]G
   -5.5320   186.2752   138.2195  # origin
    0.7792     0.0325     0.6260  # x-axis
    0.1395     0.9646    -0.2236  # y-axis
   -0.6111     0.2616     0.7471  # z-axis
...    96 A+U   # 0:.176_:[..A]A - 0:2410_:[..U]U
   54.3689   152.0019    85.8381  # origin
    0.2467    -0.6586    -0.7109  # x-axis
   -0.9377     0.0229    -0.3466  # y-axis
    0.2446     0.7522    -0.6119  # z-axis
...    97 G-U   # 0:.194_:[..G]G - 0:.444_:[..U]U
   10.2198   168.0534    86.9479  # origin
   -0.9123     0.3265    -0.2472  # x-axis
   -0.0391     0.5315     0.8462  # y-axis
    0.4076     0.7816    -0.4721  # z-axis
...    98 U-A   # 0:.211_:[..U]U - 0:.443_:[..A]A
    7.0998   171.4304    81.3910  # origin
   -0.6725     0.7271    -0.1379  # x-axis
    0.7303     0.6822     0.0353  # y-axis
    0.1197    -0.0769    -0.9898  # z-axis
...    99 G-A   # 0:.197_:[..G]G - 0:.210_:[..A]A
    6.5846   177.9176    83.2841  # origin
   -0.6227    -0.1324     0.7711  # x-axis
    0.7531     0.1661     0.6367  # y-axis
   -0.2124     0.9772    -0.0037  # z-axis
...   100 A-U   # 0:.198_:[..A]A - 0:.440_:[..U]U
    7.5408   181.7816    79.7661  # origin
    0.4920     0.1757     0.8527  # x-axis
    0.8654     0.0075    -0.5010  # y-axis
   -0.0944     0.9844    -0.1484  # z-axis
...   101 G-C   # 0:.243_:[..G]G - 0:.439_:[..C]C
    6.9376   185.3625    81.8309  # origin
    0.8915    -0.0063    -0.4529  # x-axis
   -0.4528     0.0156    -0.8915  # y-axis
    0.0127     0.9999     0.0111  # z-axis
...   102 C-G   # 0:.244_:[..C]C - 0:.438_:[..G]G
    8.9674   188.5610    82.0303  # origin
    0.6073    -0.0044    -0.7944  # x-axis
   -0.7897     0.1056    -0.6043  # y-axis
    0.0865     0.9944     0.0607  # z-axis
...   103 C-G   # 0:.245_:[..C]C - 0:.437_:[..G]G
   12.6607   191.9007    81.6670  # origin
    0.3168     0.4054    -0.8575  # x-axis
   -0.9475     0.1762    -0.2667  # y-axis
    0.0430     0.8970     0.4400  # z-axis
...   104 C+A   # 0:.246_:[..C]C - 0:.373_:[..A]A
   12.7592   194.9813    79.0680  # origin
   -0.5318     0.0773    -0.8434  # x-axis
   -0.7204     0.4822     0.4984  # y-axis
    0.4452     0.8726    -0.2008  # z-axis
...   105 A-G   # 0:.199_:[..A]A - 0:.209_:[..G]G
   13.3035   182.1561    66.4528  # origin
   -0.4469     0.3232    -0.8342  # x-axis
    0.2391     0.9417     0.2367  # y-axis
    0.8620    -0.0937    -0.4981  # z-axis
...   106 G-C   # 0:.201_:[..G]G - 0:.208_:[..C]C
   16.8241   179.8063    66.0909  # origin
    0.0832     0.8391    -0.5376  # x-axis
    0.6784     0.3475     0.6473  # y-axis
    0.7299    -0.4185    -0.5404  # z-axis
...   107 A-U   # 0:.202_:[..A]A - 0:.207_:[..U]U
   18.4235   178.3083    63.5035  # origin
    0.4136     0.9048    -0.1015  # x-axis
    0.5076    -0.1365     0.8507  # y-axis
    0.7559    -0.4034    -0.5157  # z-axis
...   108 U-A   # 0:.212_:[..U]U - 0:.239_:[..A]A
    6.5814   168.4761    75.6347  # origin
    0.1192     0.4393    -0.8904  # x-axis
    0.8388     0.4353     0.3271  # y-axis
    0.5313    -0.7858    -0.3166  # z-axis
...   109 C-G   # 0:.213_:[..C]C - 0:.238_:[..G]G
    7.4517   166.4218    72.6802  # origin
    0.3841     0.6402    -0.6653  # x-axis
    0.7220     0.2409     0.6486  # y-axis
    0.5754    -0.7295    -0.3697  # z-axis
...   110 C-G   # 0:.214_:[..C]C - 0:.237_:[..G]G
    8.5899   163.1304    70.9000  # origin
    0.6060     0.7940     0.0486  # x-axis
    0.2794    -0.2697     0.9215  # y-axis
    0.7448    -0.5449    -0.3853  # z-axis
...   111 G-C   # 0:.215_:[..G]G - 0:.236_:[..C]C
   11.4102   162.5170    68.3119  # origin
    0.4780     0.6419     0.5996  # x-axis
    0.0160    -0.6889     0.7247  # y-axis
    0.8782    -0.3368    -0.3395  # z-axis
...   112 U-C   # 0:.217_:[..U]U - 0:.235_:[..C]C
   16.4855   161.9157    67.0822  # origin
    0.1919    -0.4511     0.8716  # x-axis
   -0.1451    -0.8914    -0.4294  # y-axis
    0.9706    -0.0441    -0.2366  # z-axis
...   113 A+C   # 0:.218_:[..A]A - 0:.234_:[..C]C
   19.9096   162.6858    67.2412  # origin
   -0.2023     0.5668     0.7986  # x-axis
   -0.2779     0.7487    -0.6018  # y-axis
   -0.9391    -0.3437     0.0060  # z-axis
...   114 U-A   # 0:.220_:[..U]U - 0:.232_:[..A]A
   26.0697   163.2140    67.6953  # origin
   -0.1077    -0.9164     0.3855  # x-axis
    0.0921    -0.3952    -0.9139  # y-axis
    0.9899    -0.0630     0.1270  # z-axis
...   115 A-G   # 0:.221_:[..A]A - 0:.231_:[..G]G
   28.7359   157.8446    71.3489  # origin
   -0.1114    -0.8941     0.4338  # x-axis
    0.1326    -0.4460    -0.8852  # y-axis
    0.9849    -0.0411     0.1683  # z-axis
...   116 G-C   # 0:.222_:[..G]G - 0:.230_:[..C]C
   32.0901   157.3745    72.2385  # origin
   -0.0976    -0.8290    -0.5507  # x-axis
    0.0759     0.5456    -0.8346  # y-axis
    0.9923    -0.1232     0.0097  # z-axis
...   117 C-G   # 0:.223_:[..C]C - 0:.229_:[..G]G
   35.5523   155.7768    73.0771  # origin
   -0.0962    -0.3298    -0.9391  # x-axis
    0.1226     0.9324    -0.3400  # y-axis
    0.9878    -0.1479    -0.0492  # z-axis
...   118 G-A   # 0:.224_:[..G]G - 0:.228_:[..A]A
   37.6317   154.2478    76.3064  # origin
    0.0607     0.4214    -0.9048  # x-axis
    0.0538     0.9038     0.4245  # y-axis
    0.9967    -0.0745     0.0322  # z-axis
...   119 G-G   # 0:.399_:[..G]G - 0:.227_:[..G]G
   40.0611   155.9711    79.6012  # origin
   -0.4772     0.3865    -0.7892  # x-axis
   -0.1019     0.8677     0.4866  # y-axis
    0.8729     0.3126    -0.3747  # z-axis
...   120 A-C   # 0:.292_:[..A]A - 0:.369_:[..C]C
   -9.5940   192.4317    90.0301  # origin
   -0.8497     0.0797    -0.5213  # x-axis
    0.3666    -0.6213    -0.6925  # y-axis
   -0.3790    -0.7795     0.4987  # z-axis
...   121 U-A   # 0:.294_:[..U]U - 0:.368_:[..A]A
  -12.3890   190.9524    93.3712  # origin
   -0.1702    -0.3645    -0.9155  # x-axis
    0.7213    -0.6791     0.1363  # y-axis
   -0.6714    -0.6372     0.3784  # z-axis
...   122 C-G   # 0:.295_:[..C]C - 0:.367_:[..G]G
  -16.9450   189.8720    93.9685  # origin
    0.3370    -0.5778    -0.7433  # x-axis
    0.6627    -0.4152     0.6232  # y-axis
   -0.6688    -0.7026     0.2430  # z-axis
...   123 A-U   # 0:.296_:[..A]A - 0:.366_:[..U]U
  -19.8444   187.4874    93.4106  # origin
    0.8204    -0.4978    -0.2813  # x-axis
    0.2667    -0.1021     0.9584  # y-axis
   -0.5058    -0.8613     0.0490  # z-axis
...   124 A-U   # 0:.297_:[..A]A - 0:.365_:[..U]U
  -21.5358   184.8307    92.3643  # origin
    0.9280    -0.2768     0.2495  # x-axis
   -0.2162     0.1455     0.9654  # y-axis
   -0.3035    -0.9499     0.0751  # z-axis
...   125 C-G   # 0:.298_:[..C]C - 0:.364_:[..G]G
  -21.3656   181.1236    91.9286  # origin
    0.7123     0.1641     0.6825  # x-axis
   -0.7007     0.1088     0.7051  # y-axis
    0.0415    -0.9804     0.1925  # z-axis
...   126 C-G   # 0:.299_:[..C]C - 0:.363_:[..G]G
  -19.5132   177.5356    92.1695  # origin
    0.2545     0.5389     0.8030  # x-axis
   -0.9649     0.0861     0.2480  # y-axis
    0.0645    -0.8379     0.5419  # z-axis
...   127 U-A   # 0:.302_:[..U]U - 0:.360_:[..A]A
  -17.8235   168.7391    95.3368  # origin
   -0.8595     0.4444     0.2526  # x-axis
   -0.4704    -0.4943    -0.7310  # y-axis
   -0.2000    -0.7471     0.6339  # z-axis
...   128 C-G   # 0:.303_:[..C]C - 0:.359_:[..G]G
  -19.0757   166.9021    99.7441  # origin
   -0.8809     0.2726    -0.3869  # x-axis
    0.1581    -0.6010    -0.7835  # y-axis
   -0.4461    -0.7513     0.4863  # z-axis
...   129 A-A   # 0:.304_:[..A]A - 0:.356_:[..A]A
  -23.5097   165.8368   103.3176  # origin
   -0.1115    -0.4924    -0.8632  # x-axis
    0.8631    -0.4785     0.1615  # y-axis
   -0.4926    -0.7270     0.4784  # z-axis
...   130 G-C   # 0:.306_:[..G]G - 0:.354_:[..C]C
  -27.9813   159.2277    97.8685  # origin
    0.7923    -0.2103    -0.5728  # x-axis
    0.4641    -0.4019     0.7894  # y-axis
   -0.3962    -0.8912    -0.2208  # z-axis
...   131 C-G   # 0:.307_:[..C]C - 0:.353_:[..G]G
  -29.8024   156.2474    95.8249  # origin
    0.9075    -0.4113    -0.0853  # x-axis
    0.0040    -0.1946     0.9809  # y-axis
   -0.4200    -0.8905    -0.1749  # z-axis
...   132 C-G   # 0:.308_:[..C]C - 0:.352_:[..G]G
  -30.8504   153.1858    93.8446  # origin
    0.8156    -0.3192     0.4826  # x-axis
   -0.5009     0.0282     0.8651  # y-axis
   -0.2897    -0.9473    -0.1369  # z-axis
...   133 G-A   # 0:.309_:[..G]G - 0:.351_:[..A]A
  -30.8875   150.0741    94.4643  # origin
    0.0242    -0.0274     0.9993  # x-axis
   -0.9934     0.1114     0.0271  # y-axis
   -0.1121    -0.9934    -0.0245  # z-axis
...   134 G-C   # 0:.334_:[..G]G - 0:.330_:[..C]C
  -33.5923   136.1776    85.5428  # origin
   -0.0875    -0.4198    -0.9034  # x-axis
    0.9960    -0.0215    -0.0865  # y-axis
    0.0169    -0.9074     0.4200  # z-axis
...   135 G-C   # 0:.344_:[..G]G - 0:.329_:[..C]C
  -35.5852   132.5093    87.8348  # origin
    0.2066    -0.7672    -0.6073  # x-axis
    0.9746     0.1066     0.1969  # y-axis
   -0.0864    -0.6325     0.7697  # z-axis
...   136 U-A   # 0:.345_:[..U]U - 0:.328_:[..A]A
  -37.8251   129.9572    90.1344  # origin
    0.6969    -0.6695    -0.2570  # x-axis
    0.6960     0.5449     0.4676  # y-axis
   -0.1731    -0.5048     0.8457  # z-axis
...   137 G-C   # 0:.312_:[..G]G - 0:.327_:[..C]C
  -40.1766   126.0890    91.5167  # origin
    0.9872    -0.1526     0.0458  # x-axis
    0.0497     0.5681     0.8215  # y-axis
   -0.1514    -0.8087     0.5684  # z-axis
...   138 U-A   # 0:.313_:[..U]U - 0:.326_:[..A]A
  -40.2673   122.5342    92.9582  # origin
    0.9697     0.2392    -0.0492  # x-axis
   -0.1496     0.7411     0.6545  # y-axis
    0.1930    -0.6273     0.7544  # z-axis
...   139 G-U   # 0:.314_:[..G]G - 0:.325_:[..U]U
  -37.7712   121.1260    94.0019  # origin
    0.6927     0.7212     0.0036  # x-axis
   -0.5695     0.5439     0.6163  # y-axis
    0.4425    -0.4290     0.7875  # z-axis
...   140 G-C   # 0:.315_:[..G]G - 0:.324_:[..C]C
  -36.0344   118.3845    96.0221  # origin
    0.0997     0.9541     0.2825  # x-axis
   -0.8836    -0.0457     0.4661  # y-axis
    0.4576    -0.2961     0.8384  # z-axis
...   141 C-G   # 0:.316_:[..C]C - 0:.323_:[..G]G
  -33.4472   117.6461    98.3241  # origin
   -0.4392     0.7683     0.4656  # x-axis
   -0.7649    -0.5916     0.2548  # y-axis
    0.4712    -0.2442     0.8475  # z-axis
...   142 U-A   # 0:.317_:[..U]U - 0:.321_:[..A]A
  -28.6432   117.5004    99.4248  # origin
   -0.8932    -0.2874     0.3457  # x-axis
    0.2264    -0.9519    -0.2064  # y-axis
    0.3884    -0.1061     0.9153  # z-axis
...   143 G-A   # 0:.318_:[..G]G - 0:.341_:[..A]A
  -30.1830   118.9472   103.6065  # origin
   -0.9853     0.0729     0.1544  # x-axis
   -0.0716    -0.9973     0.0138  # y-axis
    0.1550     0.0025     0.9879  # z-axis
...   144 A-G   # 0:.335_:[..A]A - 0:.349_:[..G]G
  -25.3927   142.9175    94.5743  # origin
   -0.9791     0.1020     0.1761  # x-axis
   -0.2029    -0.5606    -0.8028  # y-axis
    0.0168    -0.8218     0.5696  # z-axis
...   145 A-U   # 0:.336_:[..A]A - 0:.348_:[..U]U
  -25.0566   140.5932    97.3866  # origin
   -0.7694    -0.3101    -0.5584  # x-axis
    0.6360    -0.2903    -0.7150  # y-axis
    0.0597    -0.9053     0.4206  # z-axis
...   146 G-C   # 0:.337_:[..G]G - 0:.347_:[..C]C
  -26.0015   137.8283    99.7748  # origin
   -0.3460    -0.3988    -0.8493  # x-axis
    0.9381    -0.1351    -0.3188  # y-axis
    0.0124    -0.9070     0.4208  # z-axis
...   147 G-C   # 0:.338_:[..G]G - 0:.346_:[..C]C
  -27.2186   134.5593   100.9776  # origin
    0.2554    -0.3818    -0.8883  # x-axis
    0.9665     0.0784     0.2443  # y-axis
   -0.0236    -0.9209     0.3890  # z-axis
...   148 G-U   # 0:.388_:[..G]G - 0:.412_:[..U]U
   37.8082   192.3130    83.0081  # origin
   -0.4878    -0.0511     0.8715  # x-axis
   -0.7672    -0.4512    -0.4559  # y-axis
    0.4165    -0.8910     0.1809  # z-axis
...   149 G-C   # 0:.389_:[..G]G - 0:.411_:[..C]C
   40.7184   189.4004    83.8630  # origin
   -0.9152    -0.2560     0.3112  # x-axis
   -0.2909    -0.1145    -0.9499  # y-axis
    0.2788    -0.9599     0.0303  # z-axis
...   150 U-A   # 0:.390_:[..U]U - 0:.410_:[..A]A
   42.2063   186.0196    85.6921  # origin
   -0.9701    -0.0590    -0.2355  # x-axis
    0.2296     0.0930    -0.9688  # y-axis
    0.0790    -0.9939    -0.0766  # z-axis
...   151 C-G   # 0:.391_:[..C]C - 0:.409_:[..G]G
   41.3069   182.3875    86.3563  # origin
   -0.6060     0.2844    -0.7429  # x-axis
    0.7747    -0.0011    -0.6324  # y-axis
   -0.1807    -0.9587    -0.2197  # z-axis
...   152 G-U   # 0:.392_:[..G]G - 0:.408_:[..U]U
   38.0699   178.5260    86.4245  # origin
    0.2688     0.3491    -0.8977  # x-axis
    0.8247    -0.5650     0.0273  # y-axis
   -0.4977    -0.7476    -0.4397  # z-axis
...   153 U-A   # 0:.393_:[..U]U - 0:.407_:[..A]A
   36.2742   177.5768    82.9734  # origin
    0.3723     0.3227    -0.8702  # x-axis
    0.8354    -0.5250     0.1627  # y-axis
   -0.4043    -0.7875    -0.4651  # z-axis
...   154 U-G   # 0:.394_:[..U]U - 0:.406_:[..G]G
   33.7876   175.6253    81.3850  # origin
    0.8561     0.0535    -0.5140  # x-axis
    0.4011    -0.6961     0.5955  # y-axis
   -0.3259    -0.7160    -0.6174  # z-axis
...   155 G-C   # 0:.395_:[..G]G - 0:.405_:[..C]C
   33.4982   173.9660    78.5114  # origin
    0.9864    -0.0314     0.1612  # x-axis
   -0.1475    -0.6013     0.7853  # y-axis
    0.0723    -0.7984    -0.5978  # z-axis
...   156 U-A   # 0:.396_:[..U]U - 0:.404_:[..A]A
   33.6454   171.4088    74.6712  # origin
    0.7178    -0.2781     0.6383  # x-axis
   -0.6764    -0.4958     0.5446  # y-axis
    0.1651    -0.8227    -0.5440  # z-axis
...   157 G-A   # 0:.424_:[..G]G - 0:.403_:[..A]A
   37.1534   167.0417    70.6246  # origin
    0.0786    -0.9720     0.2215  # x-axis
   -0.8976    -0.1657    -0.4085  # y-axis
    0.4338    -0.1667    -0.8855  # z-axis
...   158 A+A   # 0:.415_:[..A]A - 0:.436_:[..A]A
   27.4919   196.0940    78.7693  # origin
   -0.8219    -0.4497     0.3496  # x-axis
    0.4777    -0.2099     0.8531  # y-axis
   -0.3102     0.8682     0.3874  # z-axis
...   159 G-C   # 0:.419_:[..G]G - 0:.434_:[..C]C
   22.7076   195.4721    68.5683  # origin
   -0.6416     0.0962    -0.7609  # x-axis
    0.5004     0.8044    -0.3202  # y-axis
    0.5813    -0.5862    -0.5643  # z-axis
...   160 C-G   # 0:.420_:[..C]C - 0:.433_:[..G]G
   23.7628   191.1676    66.9072  # origin
   -0.0623     0.2882    -0.9555  # x-axis
    0.6492     0.7389     0.1805  # y-axis
    0.7581    -0.6091    -0.2331  # z-axis
...   161 G-C   # 0:.421_:[..G]G - 0:.432_:[..C]C
   25.4604   188.0227    65.2778  # origin
    0.2609     0.6887    -0.6765  # x-axis
    0.6873     0.3596     0.6311  # y-axis
    0.6779    -0.6296    -0.3795  # z-axis
...   162 C-G   # 0:.422_:[..C]C - 0:.431_:[..G]G
   27.1194   185.9058    63.0864  # origin
    0.5512     0.8163    -0.1731  # x-axis
    0.4426    -0.1101     0.8899  # y-axis
    0.7074    -0.5671    -0.4219  # z-axis
...   163 G-C   # 0:.423_:[..G]G - 0:.430_:[..C]C
   29.5457   184.6626    60.5794  # origin
    0.5209     0.7508     0.4061  # x-axis
   -0.0092    -0.4708     0.8822  # y-axis
    0.8536    -0.4633    -0.2383  # z-axis
...   164 G-C   # 0:2386_:[..G]G - 0:.429_:[..C]C
   31.0623   182.6883    57.6763  # origin
    0.5254     0.1282     0.8411  # x-axis
   -0.3334    -0.8785     0.3422  # y-axis
    0.7828    -0.4603    -0.4188  # z-axis
...   165 U-A   # 0:2387_:[..U]U - 0:.428_:[..A]A
   34.5979   182.1811    56.2986  # origin
    0.0634    -0.3754     0.9247  # x-axis
   -0.5085    -0.8094    -0.2937  # y-axis
    0.8587    -0.4516    -0.2422  # z-axis
...   166 G-C   # 0:2388_:[..G]G - 0:.427_:[..C]C
   37.4569   181.2171    56.6576  # origin
   -0.4981    -0.6268     0.5992  # x-axis
   -0.3784    -0.4646    -0.8006  # y-axis
    0.7802    -0.6255    -0.0057  # z-axis
...   167 G-C   # 0:2389_:[..G]G - 0:.426_:[..C]C
   39.5925   178.8881    59.1327  # origin
   -0.6928    -0.7012     0.1686  # x-axis
    0.0476    -0.2777    -0.9595  # y-axis
    0.7196    -0.6567     0.2258  # z-axis
...   168 A-A   # 0:2390_:[..A]A - 0:.425_:[..A]A
   42.2944   176.5818    60.9241  # origin
   -0.3977    -0.5434    -0.7393  # x-axis
    0.7272     0.3046    -0.6151  # y-axis
    0.5595    -0.7822     0.2740  # z-axis
...   169 C-C   # 0:.463_:[..C]C - 0:.465_:[..C]C
    3.3880   144.7108   110.2630  # origin
    0.3307    -0.7279    -0.6006  # x-axis
    0.3825     0.6852    -0.6198  # y-axis
    0.8628    -0.0248     0.5050  # z-axis
...   170 A+A   # 0:.468_:[..A]A - 0:.483_:[..A]A
    4.9113   138.2505   116.1472  # origin
    0.5220    -0.6404    -0.5634  # x-axis
   -0.6058    -0.7433     0.2837  # y-axis
   -0.6005     0.1932    -0.7760  # z-axis
...   171 U-A   # 0:.470_:[..U]U - 0:.481_:[..A]A
    8.3457   137.1104   121.3387  # origin
    0.0999     0.7717    -0.6280  # x-axis
   -0.5985     0.5509     0.5817  # y-axis
    0.7949     0.3178     0.5170  # z-axis
...   172 A-G   # 0:.471_:[..A]A - 0:.480_:[..G]G
   12.9394   142.6642   118.7981  # origin
    0.1300     0.8094    -0.5727  # x-axis
   -0.5328     0.5441     0.6481  # y-axis
    0.8362     0.2209     0.5020  # z-axis
...   173 C-G   # 0:.472_:[..C]C - 0:.479_:[..G]G
   16.4073   143.8617   119.9154  # origin
   -0.5340     0.8282     0.1704  # x-axis
   -0.4009    -0.4254     0.8114  # y-axis
    0.7444     0.3649     0.5591  # z-axis
...   174 C-G   # 0:.473_:[..C]C - 0:.478_:[..G]G
   19.7092   146.0746   120.6513  # origin
   -0.7806     0.4087     0.4730  # x-axis
   -0.0363    -0.7850     0.6184  # y-axis
    0.6240     0.4656     0.6276  # z-axis
...   175 G-G   # 0:.474_:[..G]G - 0:.476_:[..G]G
   23.3572   148.9305   121.7962  # origin
   -0.3918    -0.7633     0.5137  # x-axis
    0.7807    -0.5713    -0.2535  # y-axis
    0.4869     0.3017     0.8197  # z-axis
...   176 A+A   # 0:.488_:[..A]A - 0:.511_:[..A]A
  -22.8451   121.2223   113.3467  # origin
   -0.8110    -0.2767     0.5155  # x-axis
    0.2323    -0.9610    -0.1504  # y-axis
    0.5370    -0.0022     0.8436  # z-axis
...   177 A-U   # 0:.491_:[..A]A - 0:.509_:[..U]U
  -22.3001   118.4052   121.7375  # origin
    0.6132    -0.5780    -0.5384  # x-axis
    0.2629     0.7921    -0.5509  # y-axis
    0.7448     0.1962     0.6377  # z-axis
...   178 A-G   # 0:.513_:[..A]A - 0:.508_:[..G]G
  -20.3155   117.2287   125.0011  # origin
   -0.3350    -0.9355    -0.1127  # x-axis
    0.8388    -0.2416    -0.4878  # y-axis
    0.4291    -0.2579     0.8656  # z-axis
...   179 G-A   # 0:.516_:[..G]G - 0:.507_:[..A]A
  -19.2565   115.6763   128.5764  # origin
    0.5076    -0.6393    -0.5777  # x-axis
    0.5605     0.7542    -0.3422  # y-axis
    0.6544    -0.1501     0.7411  # z-axis
...   180 C-G   # 0:.495_:[..C]C - 0:.506_:[..G]G
  -20.5541   113.8782   133.8685  # origin
    0.6549     0.6705    -0.3487  # x-axis
   -0.3573     0.6813     0.6389  # y-axis
    0.6659    -0.2938     0.6857  # z-axis
